,groupId,files,timeRun,perPos,perNeg,perPosDoc,perNegDoc,judgementCount,judgementFrac,avgSD,avgEVC
0,Shepherd_train05,10,19.7230489254,0.0967970472932,0.0567309376777,1.0,0.0,19.2,0.0717669219426,0.480389700507,0.485590734031
1,Shepherd_train32,10,20.6963047981,0.100322709199,0.0535736777991,0.9,0.1,16.9,0.0626089956766,0.530978758286,0.617188977681
2,Shepherd_train27,10,20.3840010166,0.0975478135415,0.0616999821971,1.0,0.0,17.8,0.0872767628371,0.495682271568,0.63296200419
3,Unitarian_train13,10,27.0709879398,0.101016432186,0.0517255507662,1.0,0.0,24.2,0.0978407858419,0.51617371814,0.56533563404
4,MehrBaba_test01,10,10.752464056,0.111236872494,0.0477942881799,0.9,0.1,21.7,0.305634519763,0.676759527112,0.68119528136
5,JohnPiper_train26,10,19.0132699013,0.103630469737,0.0456568095633,1.0,0.0,18.6,0.109727960035,0.551880745613,0.48845974905
6,Shepherd_train44,10,18.9105820656,0.104019406454,0.0581874830415,0.9,0.1,14.6,0.0562383352253,0.479448299853,0.655712593569
7,JohnPiper_train04,10,16.8683509827,0.0994694078882,0.0485999054518,1.0,0.0,18.4,0.12687426097,0.560812223458,0.606618066277
8,Shepherd_test15,10,19.8774249554,0.100756378501,0.0519389764391,1.0,0.0,17.4,0.0723450489155,0.499960111202,0.506748470471
9,Shepherd_test04,10,20.4019329548,0.0990688853524,0.0598593064897,1.0,0.0,14.6,0.0495278134594,0.462800413909,0.481597682901
10,JohnPiper_test02,10,17.9341928959,0.0967940647495,0.0373233530746,1.0,0.0,20.3,0.1437903216,0.577662846709,0.481557093314
11,DorothyDay_test02,10,14.1424560547,0.0895794935624,0.0338392055366,1.0,0.0,13.7,0.131497335591,0.590880817031,0.427907690712
12,DorothyDay_test13,10,15.5199928284,0.0879567353295,0.0368181111135,1.0,0.0,17.5,0.181721241213,0.70947657358,0.486329444536
13,Rabbinic_test02,10,14.0096049309,0.0907947849225,0.035908544951,1.0,0.0,21.4,0.268575189059,0.601167575342,0.609496535956
14,Unitarian_train07,10,28.0900239944,0.101119240524,0.0482490495524,1.0,0.0,25.4,0.107205817507,0.429895793022,0.501550920573
15,DorothyDay_train29,10,12.7777919769,0.0904456761161,0.0337749965215,1.0,0.0,13.3,0.15352012993,0.652448690833,0.54644540842
16,JohnPiper_train31,10,19.5739650726,0.0935900540064,0.0550766005855,1.0,0.0,20.3,0.123950335804,0.538205468135,0.66328848678
17,WBC_train13,10,18.8224730492,0.0823748291828,0.0687039365942,0.6,0.4,27.1,0.219221521754,0.692787824116,0.62652564455
18,JohnPiper_test15,10,19.4177758694,0.102035269198,0.053832799359,1.0,0.0,19.5,0.112371784698,0.576847180114,0.661419042902
19,MehrBaba_train05,10,14.9551308155,0.119979999912,0.047843998138,1.0,0.0,20.9,0.312506454384,0.639157861883,0.52662631889
20,Shepherd_train10,10,19.1905450821,0.105537940495,0.0526159855563,1.0,0.0,15.7,0.0724412973299,0.498545185289,0.608654470577
21,Shepherd_train09,10,19.998281002,0.100286203167,0.0616347124548,1.0,0.0,17.9,0.0866571284922,,0.58068780984
22,DorothyDay_train20,10,13.1852421761,0.0901363867569,0.0364367935479,1.0,0.0,15.9,0.169042886065,0.639521119793,0.656568931664
23,JohnPiper_train38,10,20.3433659077,0.104768624473,0.0397023548536,1.0,0.0,22.1,0.132751508643,0.535963222726,0.59906778926
24,PastorAnderson_test01,10,64.1898560524,0.0876299981124,0.0544435104059,1.0,0.0,59.7,0.0901625681982,0.559409708753,0.713093403331
25,DorothyDay_train13,10,13.3543591499,0.0878438077158,0.038735409412,0.9,0.1,14.5,0.155369703998,0.6110837258,0.56432327738
26,WBC_train00,10,21.083532095,0.0887429006399,0.0792179642235,0.6,0.4,30.6,0.198771739135,0.582199880044,0.703221657511
27,DorothyDay_train41,10,10.6108469963,0.0897684433395,0.032871412099,1.0,0.0,12.5,0.181019566439,0.63296981647,0.587032983204
28,WBC_test11,10,22.8347878456,0.0831278270719,0.0784597048489,0.7,0.3,29.2,0.171839197802,0.531891180329,0.583996870536
29,NaumanKhan_test00,10,26.1745431423,0.0779973598304,0.0355015803239,1.0,0.0,27.7,0.154275491088,0.508065657436,0.475239445758
30,Rabbinic_train04,10,18.196213007,0.096136694532,0.0256982046415,1.0,0.0,25.8,0.260105334541,0.621536348077,0.574124616125
31,MehrBaba_train02,10,12.9276709557,0.110958876829,0.0515628775753,1.0,0.0,19.2,0.23348300098,0.595816784686,0.484751973462
32,NaumanKhan_test01,10,32.3313081264,0.0790641689621,0.0414285888998,0.9,0.1,34.8,0.17122982897,0.471060817491,0.549720067501
33,PastorAnderson_train01,10,75.6104469299,0.0808797605623,0.0536752215241,0.9,0.1,64.0,0.0767451925862,0.552279997324,0.601341031915
34,Unitarian_test06,10,31.2428228855,0.100426089099,0.0465431610811,1.0,0.0,26.7,0.107239456734,0.544777861594,0.368054106979
35,Shepherd_train19,10,21.1892838478,0.0947856562218,0.0585141504184,1.0,0.0,15.1,0.0469760569989,0.495323887996,0.453736192504
36,Shepherd_train00,10,18.0710740089,0.0999163261555,0.0501688523949,1.0,0.0,18.7,0.0785539352252,0.477614089879,0.477137639531
37,DorothyDay_train27,10,12.5787529945,0.0956529606797,0.0384111800538,1.0,0.0,15.8,0.190711066847,0.612668538475,0.607444112615
38,Shepherd_train37,10,20.3844480515,0.102943638779,0.058797406615,0.9,0.1,15.3,0.0596466581984,0.52618010728,0.576143698297
39,DorothyDay_train36,10,11.6306929588,0.0935867994323,0.0388458975981,1.0,0.0,11.5,0.154647899113,0.596063594853,0.626602565668
40,DorothyDay_train05,10,9.78095507622,0.0966830080922,0.0336170654384,1.0,0.0,11.3,0.159607213483,0.680746582051,0.517233606003
41,Unitarian_train16,10,24.805150032,0.100927248281,0.0480655732241,1.0,0.0,22.2,0.113986579948,0.526408433516,0.454755647866
42,MehrBaba_test04,10,13.7419228554,0.114287386477,0.0420783557972,1.0,0.0,17.3,0.222223931768,0.686191524912,0.590902953089
43,DorothyDay_train18,10,16.1201491356,0.0852344224245,0.0501607648844,0.8,0.2,18.7,0.183391228492,0.643275675468,0.676952418275
44,JohnPiper_train15,10,18.1326370239,0.102581890299,0.0588477046842,1.0,0.0,24.0,0.154372654032,0.522742702511,0.675276584152
45,JohnPiper_train23,10,17.8847742081,0.0996584702735,0.0464621714141,0.9,0.1,23.1,0.141638110881,0.640596687802,0.653180497719
46,Shepherd_test10,10,21.6156029701,0.098034070293,0.0582692528838,1.0,0.0,14.6,0.0552248632854,0.589579906972,0.522250335279
47,WBC_test06,10,21.3104031086,0.0785769415512,0.0786311156111,0.4,0.6,26.6,0.193226931334,0.586991851445,0.594270575061
48,Shepherd_test01,10,21.0517230034,0.0962234841173,0.0589675418214,1.0,0.0,16.8,0.0523677341621,0.46981662004,0.556089572562
49,JohnPiper_test05,10,18.1323800087,0.0978455648528,0.0441707553924,1.0,0.0,19.3,0.113932736012,0.548168211213,0.419776250571
50,PastorAnderson_train15,9,65.2766988277,0.0816501265969,0.052031054671,0.777777777778,0.222222222222,59.1111111111,0.0621006048751,0.620529322037,0.62272944293
51,DorothyDay_test23,3,5.79964900017,0.0928231747691,0.0429804731985,1.0,0.0,26.0,0.195440234669,0.611269960469,0.644616433546
52,DorothyDay_test07,10,13.8533430099,0.0951206731846,0.0357397608823,1.0,0.0,15.1,0.175795049967,0.636110116052,0.516867331198
53,MehrBaba_train16,10,10.0953550339,0.127017466944,0.043771601761,1.0,0.0,13.3,0.185648065126,0.582811553196,0.524558798228
54,DorothyDay_test16,10,12.2930119038,0.0892826932798,0.0456218585177,1.0,0.0,14.1,0.141712962327,0.623241998727,0.444297373178
55,Shepherd_train30,10,19.9674999714,0.0967832926812,0.0584203676857,1.0,0.0,15.4,0.0671224685245,0.46034670174,0.360262390348
56,Unitarian_train00,10,29.956799984,0.102290682245,0.0473490282815,1.0,0.0,26.7,0.110155135912,0.57688923423,0.467008080685
57,Shepherd_train21,10,20.8069679737,0.0942060551673,0.0616959754647,1.0,0.0,18.1,0.0656856224369,0.516391991498,0.531556720049
58,Unitarian_train11,10,19.7327821255,0.110058036271,0.0398804088318,1.0,0.0,20.5,0.150266170057,0.550651687627,0.676647988274
59,JohnPiper_train28,10,17.8413379192,0.0957743549679,0.0517316155576,0.9,0.1,20.3,0.13251956359,0.638029403975,0.560634896979
60,WBC_train27,10,21.1018259525,0.0757118504687,0.0715919751082,0.6,0.4,28.4,0.196591878426,0.596988731346,0.797900932357
61,Shepherd_train42,10,20.1634731293,0.096259248974,0.0589877898674,0.8,0.2,18.3,0.0846704246514,0.471128935383,0.382855883336
62,JohnPiper_train02,10,16.2904620171,0.102187307627,0.0378046396788,1.0,0.0,20.3,0.151349701616,0.64095706361,0.597690499687
63,Shepherd_test06,10,19.3492429256,0.101179925997,0.0597182228787,1.0,0.0,15.1,0.0676225071053,0.540715043753,0.529204857537
64,NaumanKhan_train05,8,26.1835489273,0.0822976128527,0.0432643333316,0.875,0.125,37.0,0.128169285705,0.540262222375,0.675602436175
65,DorothyDay_test11,10,14.2076878548,0.0852652112435,0.0426518381096,1.0,0.0,16.8,0.174039063699,0.65375604062,0.643366553486
66,Rabbinic_test04,10,14.8098340034,0.0931424690119,0.0433585360234,0.9,0.1,22.7,0.311199500279,0.598953872898,0.534289558778
67,Rabbinic_train06,10,15.7211239338,0.0930842934511,0.0417154425437,1.0,0.0,20.4,0.225253728318,0.605529701605,0.521817909582
68,Shepherd_train15,10,22.4576189518,0.0957184782401,0.0610749783445,1.0,0.0,16.5,0.0512578522843,0.483364645781,0.422430847708
69,Unitarian_train18,10,31.7214770317,0.100515581346,0.0429582848784,1.0,0.0,32.5,0.125662759449,0.511626167374,0.492603936909
70,WBC_train17,10,18.7742879391,0.0782084764631,0.0826312582603,0.3,0.7,24.2,0.191312589226,0.632778122619,0.564460091947
71,WBC_train25,10,24.5163121223,0.0827561038771,0.0670353196106,0.7,0.3,33.6,0.198845097925,0.636408620493,0.653282584869
72,WBC_train05,10,20.4423151016,0.0829185574947,0.0666633310519,0.7,0.3,26.2,0.200305743139,0.552387855679,0.658545991692
73,PastorAnderson_test06,9,60.576294899,0.0822111871792,0.0600814106666,0.888888888889,0.111111111111,53.2222222222,0.0805489229225,0.633073862607,0.584272382735
74,WBC_train15,10,21.7899491787,0.0830051336095,0.0888907939991,0.3,0.7,28.4,0.182591404741,0.572680785232,0.487567680437
75,WBC_train07,10,17.2495648861,0.0874040186373,0.0661634499399,0.8,0.2,19.4,0.160299370254,0.574821588124,0.598626040075
76,JohnPiper_test13,10,18.9891018867,0.0948806065518,0.0507170871467,1.0,0.0,20.5,0.128637945741,0.504270821222,0.389140101094
77,WBC_train18,10,22.6762850285,0.0808777698448,0.072657372919,0.6,0.4,28.8,0.191910564584,0.637731922839,0.687043992693
78,DorothyDay_test18,10,15.3920898438,0.0862493220161,0.0372405361838,1.0,0.0,18.7,0.18906906146,0.651059492856,0.609336791239
79,MehrBaba_train07,10,17.1270880699,0.110715502541,0.046725387108,1.0,0.0,26.1,0.225985096063,0.54105043685,0.654907705517
80,PastorAnderson_train04,10,76.5528569221,0.0886301013876,0.0450612699543,1.0,0.0,62.9,0.0736088836152,0.524069394674,0.681903778887
81,Shepherd_train12,10,20.0614979267,0.0947696617613,0.0564409274391,1.0,0.0,14.9,0.0671558497536,0.520371651533,0.486896879032
82,DorothyDay_train22,10,11.3220591545,0.0994094896272,0.039972764145,1.0,0.0,12.8,0.178834187303,0.640873285249,0.649856970241
83,DorothyDay_train33,10,16.4127352238,0.0853602434425,0.0339135675937,1.0,0.0,19.3,0.173595938852,0.576045474376,0.58584260606
84,Rabbinic_train10,10,14.050647974,0.094905586816,0.0404692681478,1.0,0.0,22.5,0.287732564056,0.619110540397,0.583386266828
85,DorothyDay_train08,10,10.8605310917,0.0902314565289,0.0357554218151,1.0,0.0,12.7,0.165005254878,0.653542381083,0.591488000033
86,DorothyDay_train15,10,17.9628529549,0.0898303073995,0.0390301886405,1.0,0.0,21.6,0.187377844386,0.582282157582,0.682926619043
87,DorothyDay_train42,10,17.6569540501,0.0965375672841,0.0380332390036,1.0,0.0,17.5,0.13360390336,0.638407386261,0.374216976188
88,JohnPiper_train37,10,18.8666591644,0.101615908747,0.0546537140011,0.9,0.1,24.9,0.161273114992,0.533878548885,0.556782849957
89,Shepherd_test20,10,22.6555249691,0.0954628007813,0.0536896521522,1.0,0.0,20.1,0.086759934969,0.506955101782,0.498342954973
90,NaumanKhan_test02,6,8.63587784767,0.0986676585622,0.0390211280425,1.0,0.0,13.6666666667,0.195217606559,0.568779294078,0.601667721
91,JohnPiper_test08,10,18.2906799316,0.0998392899626,0.0441126292915,0.9,0.1,20.0,0.134186222195,0.576999937425,0.479335712127
92,PastorAnderson_train12,10,70.7276849747,0.0785852960957,0.0507956991014,1.0,0.0,56.1,0.0688859613268,0.604834261566,0.568690220174
93,PastorAnderson_train03,10,68.8259601593,0.093462947941,0.0433629372772,1.0,0.0,53.2,0.0596087512784,0.530560064667,0.574163746575
94,WBC_train08,10,19.2705061436,0.0819558669423,0.0799095728355,0.6,0.4,26.8,0.218149468692,0.628145807841,0.512439811457
95,Unitarian_test04,10,23.8044569492,0.102073421113,0.0463583811369,1.0,0.0,23.8,0.12781838736,0.454579525098,0.398892557757
96,JohnPiper_train22,10,17.6261091232,0.0958505954405,0.053266421159,1.0,0.0,17.1,0.112907387223,0.57339674823,0.559120662147
97,Shepherd_train06,10,18.8490738869,0.0974459841231,0.0490167546121,1.0,0.0,16.8,0.0738257754118,0.530371498519,0.635231429514
98,Shepherd_train35,10,19.9499371052,0.0938855995139,0.0531367694129,1.0,0.0,18.2,0.0751556538352,0.525372688439,0.452458511301
99,DorothyDay_train34,10,15.082308054,0.0879428900365,0.0410515054355,1.0,0.0,19.2,0.205563554011,0.658035636821,0.737411280221
100,Shepherd_train24,10,18.5976889133,0.0966605568868,0.0626760548612,0.9,0.1,18.4,0.0780719562729,0.548584302915,0.586329519781
101,DorothyDay_train03,10,15.7513449192,0.0860727746772,0.0389840658684,1.0,0.0,17.0,0.157380599701,0.603306558037,0.564793197501
102,Unitarian_train14,10,23.9282240868,0.102790109099,0.041512693338,1.0,0.0,23.2,0.106512512184,0.561608012815,0.625450309705
103,MehrBaba_test02,10,14.535738945,0.0975054097458,0.0540755179342,0.9,0.1,19.4,0.218655271037,0.625890837601,0.577312210896
104,DorothyDay_train51,10,14.8711879253,0.0884543049672,0.0322653588451,1.0,0.0,19.0,0.178173340729,0.658213539736,0.472571015766
105,NaumanKhan_train00,10,46.8300478458,0.0808940304851,0.0331446408234,1.0,0.0,44.4,0.133765501874,0.581695893588,0.55477005694
106,JohnPiper_train25,10,18.3502180576,0.103586648642,0.0480701532835,1.0,0.0,19.4,0.114972431764,0.541746163267,0.651599524454
107,Shepherd_train50,9,18.2584810257,0.0967713613049,0.0655549910295,0.888888888889,0.111111111111,15.6666666667,0.0568873149318,0.472265886622,0.535336181873
108,JohnPiper_train19,10,20.1458249092,0.0965677010688,0.0519455678449,0.9,0.1,18.9,0.109048497163,0.591048577712,0.616017450624
109,DorothyDay_train50,10,16.0694761276,0.0915612373525,0.0375879161061,1.0,0.0,19.9,0.220824076375,0.663494994223,0.650584973321
110,Shepherd_train49,10,17.6963751316,0.102150053323,0.0536957969003,1.0,0.0,16.6,0.0820109627394,0.516790988808,0.425480136559
111,WBC_train19,10,20.6126229763,0.0857710176659,0.0708729285102,0.8,0.2,25.6,0.170280628167,0.650796447296,0.559073473049
112,Shepherd_test16,10,19.7234759331,0.0986466762122,0.0677382287911,0.8,0.2,15.6,0.0713412246766,0.511726353378,0.496077867465
113,WBC_test00,10,24.6026000977,0.0831294923038,0.072690989841,0.7,0.3,34.9,0.207825228666,0.618585807201,0.411312220799
114,Shepherd_test03,10,19.2182080746,0.0990613896835,0.048071098103,1.0,0.0,17.9,0.0920878878742,0.480265618753,0.464468092478
115,JohnPiper_test07,10,17.7773590088,0.10340867701,0.0528995706181,1.0,0.0,21.6,0.145195048079,0.55450015846,0.540741589289
116,DorothyDay_test21,10,17.2357430458,0.0919732381596,0.0409123278462,1.0,0.0,19.4,0.188286976663,0.608687331797,0.614753939634
117,DorothyDay_test01,10,15.1054370403,0.0899459534613,0.0346289166746,1.0,0.0,17.3,0.180497440577,0.667507515349,0.581352922069
118,MehrBaba_train14,10,13.4698729515,0.110331157396,0.0526480192978,1.0,0.0,18.2,0.229472055796,0.629326118393,0.589969333568
119,DorothyDay_test14,10,15.1143319607,0.0916222764065,0.0385289883692,1.0,0.0,16.2,0.148410431007,0.704975663433,0.61455733658
120,WBC_train09,10,21.7829492092,0.0812482415898,0.0779847815585,0.5,0.5,25.5,0.161203696538,0.577984070977,0.606832692526
121,MehrBaba_train18,5,6.90571808815,0.118273194041,0.0443268028162,1.0,0.0,21.8,0.31497013157,0.698947581726,0.737656680225
122,Unitarian_train02,10,28.7333209515,0.100027593587,0.0487291844413,1.0,0.0,27.8,0.112072714735,0.565470573484,0.460697848154
123,Shepherd_train23,10,22.3087821007,0.1036973781,0.0488808486302,1.0,0.0,15.6,0.0600435115752,0.477472465335,0.427343002017
124,Rabbinic_train08,10,14.9189298153,0.094989838079,0.0419742734455,1.0,0.0,19.1,0.221902206895,0.598836760657,0.554659079968
125,JohnPiper_train32,10,18.1810381413,0.0986575975118,0.0510384087877,0.9,0.1,21.1,0.131787383116,0.585626952542,0.527132166092
126,Shepherd_train40,10,19.213310957,0.0953236395145,0.0590845673575,0.9,0.1,16.6,0.0667888775277,0.468599912279,0.531985753018
127,JohnPiper_train00,10,17.3024570942,0.0976465112854,0.0477222040366,1.0,0.0,20.0,0.127053265424,0.594632033093,0.608767331107
128,Shepherd_test19,10,20.650908947,0.110748245217,0.0526347067654,1.0,0.0,16.8,0.0662218074268,0.519071279657,0.507260128376
129,WBC_train23,10,19.4119739532,0.083445879998,0.0808419460409,0.4,0.6,23.7,0.179770133096,0.67891341743,0.684761856966
130,Shepherd_test08,10,20.9807970524,0.103354922052,0.056385885429,0.9,0.1,19.0,0.0696429721918,0.511501696799,0.599158371601
131,JohnPiper_train14,10,17.9595479965,0.0942741494476,0.0553755270986,1.0,0.0,19.1,0.122352194504,0.559597942345,0.685913484749
132,JohnPiper_train20,10,16.5033860207,0.102685269194,0.0459732576987,0.9,0.1,19.4,0.138254958527,0.559172010637,0.496382170091
133,Shepherd_train17,10,20.421738863,0.0969191916067,0.0544398317435,1.0,0.0,19.1,0.0814918049077,0.498998838126,0.427363539335
134,DorothyDay_train38,10,12.8020319939,0.0846405756625,0.0348296005996,1.0,0.0,11.4,0.120618177196,0.568703628243,0.573887238995
135,JohnPiper_train35,10,19.024089098,0.0925205184079,0.0536175572045,1.0,0.0,25.2,0.136834967994,0.611721896637,0.630375877377
136,PastorAnderson_test04,10,64.3315041065,0.0852551737378,0.0481073174568,0.9,0.1,58.7,0.0856599320432,0.584398379769,0.544995354483
137,JohnPiper_train09,10,17.3290688992,0.103633077544,0.0577879371672,1.0,0.0,19.0,0.131650826315,0.66272198536,0.481270647328
138,DorothyDay_train49,10,11.5993587971,0.103960993764,0.0452939264001,1.0,0.0,11.0,0.134365892377,0.607456074468,0.471934279507
139,MehrBaba_train17,10,12.7183189392,0.117675942279,0.0433690642604,1.0,0.0,22.3,0.310206152726,0.621933570699,0.641871612894
140,JohnPiper_test11,10,14.9478750229,0.106961753716,0.0486953567643,1.0,0.0,17.0,0.118626897991,0.553923587921,0.463925366131
141,WBC_test12,6,12.2057228088,0.0862366709395,0.0722056626378,0.666666666667,0.333333333333,30.1666666667,0.215136343879,0.608756245532,0.469951122386
142,MehrBaba_train01,10,14.7040269375,0.0994884047143,0.0391086641526,1.0,0.0,16.8,0.213316466186,0.624399519817,0.672140307276
143,PastorAnderson_train06,10,68.967015028,0.0836103936423,0.0559438054787,0.9,0.1,56.5,0.0716688367587,0.582245071904,0.454775193129
144,Unitarian_test03,10,20.5734930038,0.0997480460344,0.0473971082318,1.0,0.0,19.8,0.134662444693,0.614514332814,0.392987094317
145,DorothyDay_train24,10,19.4295508862,0.0859287107521,0.0413244008603,1.0,0.0,23.5,0.174830687433,0.638956075135,0.70004777781
146,DorothyDay_train31,10,13.4450759888,0.0878041648386,0.0390172487533,1.0,0.0,16.8,0.187794167975,0.621738594688,0.578346209151
147,DorothyDay_train06,10,7.71091890335,0.0882015624674,0.0383725189874,1.0,0.0,7.0,0.126969616123,0.597581228583,0.443142004756
148,DorothyDay_train17,10,14.4095909595,0.093490360168,0.040164914994,1.0,0.0,16.3,0.160256855846,0.546205468034,0.395634126407
149,DorothyDay_train40,10,19.1727261543,0.0947985025465,0.0382789901255,1.0,0.0,24.9,0.186652563796,0.636863540931,0.526206281466
150,WBC_train21,10,22.953004837,0.0816772362367,0.0868826591348,0.5,0.5,30.9,0.200772828939,0.566012592786,0.648010828821
151,WBC_test05,10,24.3051221371,0.079600065681,0.0675726458979,0.8,0.2,29.8,0.187479549298,0.558581801605,0.558028681057
152,PastorAnderson_train10,10,63.6412620544,0.0790686548642,0.0532743937764,1.0,0.0,58.6,0.0814094542933,0.616631256327,0.724510162938
153,MehrBaba_train13,10,7.54663991928,0.129625018342,0.049733915493,1.0,0.0,11.1,0.260627453901,0.678108544971,0.376736263328
154,JohnPiper_train12,10,15.4010829926,0.104607409948,0.0494030243481,1.0,0.0,15.3,0.114110764343,0.564780922933,0.492886875385
155,Shepherd_train04,10,18.6730589867,0.102171081836,0.0416751615163,1.0,0.0,12.8,0.0443543642097,0.514345704345,0.443140621774
156,Shepherd_train33,10,20.9301581383,0.0938431343804,0.0571323553653,0.9,0.1,18.5,0.0665060626748,0.502519472809,0.490989548987
157,Shepherd_train26,10,18.078389883,0.101801699657,0.0555362859586,1.0,0.0,15.2,0.0667112639171,0.512513639873,0.442542289069
158,DorothyDay_train01,10,9.84326505661,0.0956949250483,0.0330562853324,1.0,0.0,12.1,0.169152599606,0.567677554714,0.44792473998
159,Unitarian_train12,10,27.0005631447,0.104039972878,0.0434747295421,1.0,0.0,28.4,0.1281861116,0.515108816918,0.504934188763
160,MehrBaba_test00,10,10.1892740726,0.100863141263,0.059068316161,0.9,0.1,12.7,0.202926429648,0.592471919092,0.54638086397
161,Rabbinic_train05,10,15.0641899109,0.092358018061,0.0355079325508,1.0,0.0,21.7,0.260251114718,0.560263355965,0.579488778489
162,DorothyDay_train52,10,17.5975320339,0.0866699745317,0.0368373565093,1.0,0.0,21.7,0.184395039858,0.636829774774,0.684765676473
163,Shepherd_train47,10,20.7672450542,0.0976354884669,0.059379446183,1.0,0.0,19.2,0.0750732197,0.477495216692,0.509649172235
164,JohnPiper_train05,10,16.511548996,0.0885806989021,0.0510144533605,1.0,0.0,18.3,0.125402686243,0.539401115494,0.482494936475
165,Shepherd_test14,10,20.9791269302,0.0981630572505,0.0557559592866,1.0,0.0,18.5,0.0797604691686,0.494241334337,0.6297394239
166,WBC_test02,10,21.0030679703,0.0805077811757,0.0742907573172,0.7,0.3,23.5,0.153342574098,0.608665401532,0.663397654573
167,Shepherd_test05,10,20.3932778835,0.10339836395,0.0599832380848,1.0,0.0,18.2,0.0703300873012,0.549274500326,0.654235051042
168,JohnPiper_test01,10,16.6447799206,0.0928936887891,0.0536285337743,0.9,0.1,18.9,0.121055972199,0.598011468013,0.468191305839
169,DorothyDay_test03,10,15.0698640347,0.0842991508535,0.0446766031754,1.0,0.0,17.3,0.157391970792,0.644897137286,0.529453628048
170,DorothyDay_test12,10,20.5978341103,0.0947859954712,0.0432749101753,1.0,0.0,22.6,0.177621988936,0.618519700531,0.519547054794
171,Rabbinic_test01,10,18.7819180489,0.0956223682746,0.0407990403737,1.0,0.0,26.5,0.246546482341,0.581838893405,0.450940044853
172,NaumanKhan_train01,10,33.8163590431,0.0820582045024,0.0349247397415,1.0,0.0,29.2,0.0952877586257,0.528982266348,0.310826587228
173,Unitarian_train04,10,24.7914998531,0.091939610202,0.0471512434137,0.9,0.1,19.8,0.128871373321,0.509617719826,0.760280227208
174,DorothyDay_train28,10,14.5323281288,0.0890820162916,0.0443742966204,1.0,0.0,16.2,0.166023740845,0.536496974513,0.73933860756
175,JohnPiper_train30,10,16.1721160412,0.0972719232479,0.0530045293556,1.0,0.0,16.7,0.109970679271,0.605997472633,0.463929212374
176,WBC_train10,10,23.9516069889,0.0808587150813,0.0688852136356,0.6,0.4,33.4,0.20380477316,0.643460232948,0.692914454135
177,JohnPiper_test16,10,17.7572369576,0.0979552123821,0.0583507542975,1.0,0.0,22.1,0.1332838957,0.597619717151,0.568782217451
178,DorothyDay_test08,10,10.1487390995,0.0874319164643,0.0383302916697,1.0,0.0,8.9,0.131570638928,0.567139805971,0.376874871276
179,Shepherd_train11,10,18.4242310524,0.0907846199332,0.0582998404975,1.0,0.0,13.9,0.0622208355877,0.509655863452,0.457148846399
180,JohnPiper_train10,10,14.9704811573,0.0956792559669,0.0470555543278,1.0,0.0,17.9,0.133343057467,,0.501990489381
181,Shepherd_train08,10,20.7092709541,0.0976295076951,0.0558152478366,1.0,0.0,16.1,0.0559856407827,0.504046182055,0.53959787534
182,WBC_train29,3,8.67433905602,0.0855924552444,0.0566250724371,1.0,0.0,32.0,0.154654803098,0.579580271688,0.635606229439
183,PastorAnderson_test02,10,69.9644789696,0.0855401356361,0.0446683565975,1.0,0.0,65.8,0.0755074382834,0.581474256385,0.639480109913
184,DorothyDay_train10,10,9.32683205605,0.0892558230611,0.0354574480907,1.0,0.0,8.9,0.13641989614,0.57926608829,0.777618043098
185,WBC_train03,10,21.6217331886,0.0880873690655,0.0703819569443,0.7,0.3,29.6,0.199766863818,0.632522440309,0.674174536204
186,WBC_test10,10,18.5449669361,0.0858626668258,0.078177961606,0.6,0.4,24.7,0.199862532881,0.612104546049,0.498102560588
187,MehrBaba_train03,10,13.1467111111,0.114364931737,0.0471058878776,1.0,0.0,22.0,0.295160544832,0.605497352748,0.503788744705
188,PastorAnderson_train00,10,69.2436721325,0.0856476506152,0.0452357865198,1.0,0.0,57.8,0.0772969069553,0.545627297254,0.727320754055
189,Unitarian_test01,10,23.3008918762,0.0901544766768,0.118349754773,0.9,0.1,22.4,0.111049689711,0.495486967095,0.595704555256
190,Shepherd_train03,10,20.1518800259,0.0972589435459,0.0583054364801,1.0,0.0,15.5,0.054964862027,0.50735670225,0.461276564347
191,DorothyDay_train26,10,14.824434042,0.0913850089259,0.0358543142165,1.0,0.0,15.9,0.179380642698,0.589558280895,0.561843967708
192,Shepherd_train38,10,19.4461169243,0.09845863827,0.0523356032138,0.9,0.1,15.3,0.0757784093383,0.548977014783,0.585043719173
193,DorothyDay_train37,10,13.8689291477,0.0891762065346,0.0383853253582,0.9,0.1,16.0,0.179628886739,0.583969769424,0.686718074628
194,Unitarian_train08,10,25.2923958302,0.100698360021,0.0538914311409,0.9,0.1,23.2,0.0898462534358,0.543911633949,0.666582832458
195,Shepherd_train29,10,19.072537899,0.0964554133272,0.0512115639766,1.0,0.0,16.9,0.0617636996361,0.454600156493,0.637102748418
196,DorothyDay_train04,10,11.7401309013,0.0900815989089,0.0393120569525,1.0,0.0,13.1,0.159140018643,0.577040769417,0.665839784282
197,MehrBaba_test07,10,8.83417606354,0.108920436599,0.0574482941293,1.0,0.0,11.1,0.205162938021,0.726621271753,0.604230273305
198,DorothyDay_train44,10,16.3606338501,0.084569433618,0.035296331563,1.0,0.0,19.0,0.180569356644,0.674929724441,0.678047591016
199,DorothyDay_train19,10,9.3508348465,0.0863079157678,0.0377829248523,1.0,0.0,11.6,0.211824249401,0.586093489722,0.371512884717
200,DorothyDay_train46,10,13.0301809311,0.0925819567534,0.0372748349559,1.0,0.0,16.0,0.196707394919,0.659760623129,0.485706673974
201,Rabbinic_train02,10,14.5315330029,0.0967742190433,0.0361549171205,1.0,0.0,22.1,0.269258555688,0.608181065659,0.339845786078
202,Shepherd_test13,10,20.4603681564,0.098498354465,0.0622818702096,0.8,0.2,15.6,0.054450783393,0.482230570958,0.64986438324
203,WBC_test07,10,21.2460429668,0.0803611851084,0.0694444117701,0.5,0.5,25.4,0.176088744767,0.565997509539,0.612160796472
204,JohnPiper_test04,10,17.4637920856,0.0982706636253,0.0538062780958,0.9,0.1,20.3,0.141331061478,0.543323683071,0.715961926379
205,MehrBaba_train08,10,10.2588260174,0.107332409594,0.0433421192914,1.0,0.0,13.4,0.200036534827,0.606598800762,0.619725784212
206,DorothyDay_test04,10,13.4970839024,0.0912748697792,0.0356747309083,1.0,0.0,14.1,0.148180866172,0.434247678751,0.547591041607
207,MehrBaba_train11,10,13.2511839867,0.104991933635,0.0543056488711,0.9,0.1,21.1,0.263529343974,0.636850865481,0.657596307953
208,Unitarian_test08,3,8.90303015709,0.0986276585823,0.0523355506377,1.0,0.0,23.3333333333,0.0890014225541,0.589341857529,0.482098233093
209,Shepherd_train31,10,19.4483411312,0.0985312922539,0.0598023588161,0.9,0.1,17.6,0.0666498736569,0.522308247168,0.589901175381
210,Unitarian_train01,10,22.8927719593,0.108122218312,0.0547119760639,0.9,0.1,22.7,0.109035902133,0.550727357832,0.693888366861
211,Shepherd_train20,10,21.3639791012,0.0929190056407,0.0528038713761,1.0,0.0,17.8,0.0657534078039,0.492607767653,0.621667064763
212,Unitarian_train10,10,27.2652878761,0.102219144571,0.0427926454068,1.0,0.0,26.0,0.113086010625,0.518895498979,0.676043401146
213,JohnPiper_train29,10,16.1872611046,0.0948627535472,0.0488407176301,0.9,0.1,18.3,0.134617845266,0.6513856182,0.575454103189
214,Shepherd_train45,10,19.8690190315,0.0986123000132,0.0585567766561,1.0,0.0,17.7,0.0631284486724,0.542312485653,0.523037106974
215,JohnPiper_train03,10,16.9199478626,0.100428922734,0.0519340162111,1.0,0.0,18.1,0.124631878284,0.598778249126,0.613764825843
216,Shepherd_test07,10,19.6433179379,0.0952338319863,0.0569747169398,0.9,0.1,15.3,0.0642287489422,0.548978925736,0.63187174545
217,JohnPiper_test03,10,17.7765500546,0.0880316790559,0.057877782394,0.9,0.1,20.7,0.135504834504,0.562937517684,0.490736691612
218,DorothyDay_test10,10,19.7687139511,0.0880006061208,0.0300753684895,1.0,0.0,19.4,0.142546432459,0.574830751505,0.681345343529
219,Rabbinic_test03,10,14.5331740379,0.0876812596786,0.0412698143031,1.0,0.0,21.4,0.255062763861,0.54703321001,0.587660586286
220,Unitarian_train06,10,33.6532981396,0.102190428568,0.0483936070612,1.0,0.0,29.9,0.107054274238,0.53569181569,0.461076149085
221,WBC_train24,10,22.1418380737,0.0818083482658,0.0735586984195,0.5,0.5,29.6,0.201543533887,0.644051313411,0.680230625254
222,WBC_train12,10,19.8410961628,0.0776139972736,0.07440569594,0.4,0.6,25.1,0.189408615543,0.608797651035,0.627916847491
223,WBC_train06,10,30.4684829712,0.0803923338886,0.0824025382212,0.5,0.5,42.8,0.178028698784,0.576012626963,0.650473015991
224,NaumanKhan_train02,10,31.8208298683,0.0873947845853,0.0298579011879,1.0,0.0,37.6,0.163713033792,0.488466533674,0.444669359228
225,JohnPiper_test14,10,17.2766809464,0.109313060935,0.0452438309894,1.0,0.0,20.6,0.142615413575,0.64337370602,0.543366453626
226,JohnPiper_train27,10,17.7592859268,0.102491859134,0.0515504059234,1.0,0.0,18.5,0.110754756264,0.626810978117,0.409980546262
227,MehrBaba_train04,10,12.6010298729,0.121860124468,0.03915445394,1.0,0.0,15.9,0.187510539863,0.653649967102,0.593376875252
228,WBC_test09,10,22.4644989967,0.0830871803105,0.0675621036513,0.5,0.5,29.0,0.185561503044,0.698232520331,0.716564021899
229,Shepherd_train13,10,19.741038084,0.099567465907,0.0628111467864,1.0,0.0,15.0,0.0616497393625,0.506294646518,0.629402374876
230,DorothyDay_train21,10,14.3583638668,0.0880719358747,0.0425048207672,1.0,0.0,15.1,0.172278762014,0.695658758748,0.543785554887
231,WBC_train16,10,20.262955904,0.0811487835209,0.0726867774032,0.6,0.4,26.6,0.217709510444,0.594104280616,0.58477678254
232,JohnPiper_train39,10,15.4716570377,0.107358741485,0.0496594913877,0.8,0.2,17.6,0.130872355456,0.682839101835,0.601517552377
233,PastorAnderson_test00,10,68.1081590652,0.0824590539848,0.0494655779653,0.9,0.1,57.8,0.0678955769794,0.561631129363,0.581951667649
234,DorothyDay_train12,10,20.9481210709,0.0912749406088,0.0449249343312,1.0,0.0,24.0,0.171705879248,0.572021019811,0.596041755385
235,WBC_train01,10,18.6704068184,0.0757189538687,0.0774076119708,0.4,0.6,22.2,0.154848847373,0.633825111749,0.455797958203
236,Shepherd_test21,9,18.991975069,0.098874785482,0.0456746114099,1.0,0.0,14.0,0.0503701051849,0.54185237805,0.584270157345
237,WBC_test08,10,20.0339550972,0.0834351789896,0.0583372996795,0.8,0.2,25.9,0.204252255773,0.664217017797,0.613261191739
238,PastorAnderson_train13,10,72.729377985,0.0813160666156,0.049351378453,0.9,0.1,60.0,0.078099439888,0.560459739203,0.675656565428
239,PastorAnderson_train02,10,70.4536399841,0.0864572378476,0.0482082628679,0.9,0.1,64.0,0.0850422509604,0.576858533573,0.676240853427
240,Unitarian_test07,10,26.5716650486,0.0993434913371,0.0457420175546,1.0,0.0,26.1,0.133778986837,0.564961959965,0.585936924726
241,Shepherd_train18,10,18.3215520382,0.105064528188,0.0535340900741,1.0,0.0,15.4,0.0651091317557,0.55256570446,0.50961916813
242,Shepherd_train01,10,18.3359079361,0.102454705931,0.0611460373825,0.9,0.1,17.0,0.0864709362371,0.51701560287,0.522795554785
243,Shepherd_train36,10,22.1727471352,0.0963104430095,0.0560203191547,1.0,0.0,20.7,0.0690513313932,0.493992274101,0.368676849223
244,DorothyDay_train35,10,11.4316289425,0.0968732661636,0.0419293376179,1.0,0.0,15.9,0.185537622191,0.696105577586,0.500844844502
245,DorothyDay_train02,10,9.99118590355,0.0913703072283,0.0340825313749,1.0,0.0,11.7,0.178138533649,0.665757677881,0.551257706111
246,Unitarian_train17,10,23.9277119637,0.103259614094,0.0441932183633,1.0,0.0,22.4,0.124295246979,0.536354198571,0.498377282483
247,MehrBaba_test05,10,14.4030520916,0.110904812157,0.041799527174,1.0,0.0,17.0,0.197215353911,0.531013242553,0.450719903346
248,JohnPiper_train16,10,16.5694389343,0.103438747572,0.0472708381429,1.0,0.0,17.8,0.119878582546,0.579217469801,0.476845079379
249,Rabbinic_train00,10,12.5796308517,0.101809984059,0.0369962007722,1.0,0.0,17.9,0.252797600017,0.592409078694,0.657432152072
250,WBC_train26,10,18.8450942039,0.0819801790112,0.0828950840428,0.4,0.6,23.3,0.172396352015,0.628003315233,0.486932688265
251,Shepherd_train48,10,18.0046510696,0.0906315725151,0.055471166338,1.0,0.0,16.0,0.072221349075,0.557642615822,0.71351566697
252,Shepherd_test11,10,20.5183417797,0.0939716040299,0.0596811855769,0.8,0.2,17.3,0.069385626313,0.502879122113,0.366299017277
253,WBC_test01,10,23.6360919476,0.0935417544125,0.0747191466993,0.7,0.3,33.9,0.218080574747,0.674223446832,0.666418823355
254,Shepherd_test00,10,18.5317640305,0.095959455824,0.0594928247618,1.0,0.0,15.8,0.0722445476942,0.521035195844,0.584152924938
255,JohnPiper_test06,10,19.5846011639,0.0999018684143,0.0432565615029,1.0,0.0,22.0,0.126629221289,0.582971214693,0.420430035065
256,PastorAnderson_train14,10,75.7341270447,0.0890845209473,0.0476387718016,1.0,0.0,54.9,0.0631896549151,0.527008705571,0.629857144167
257,DorothyDay_test22,10,12.9933850765,0.0900704773042,0.0391247000145,1.0,0.0,13.9,0.148338130373,0.564315205833,0.530137544875
258,DorothyDay_test06,10,11.8510460854,0.0916315367791,0.0267001101601,1.0,0.0,12.0,0.150320878596,0.576406517819,0.514263121875
259,PastorAnderson_train09,10,71.2635509968,0.0924141726497,0.0564223650323,0.9,0.1,62.2,0.0852061159184,0.508454466883,0.49881651274
260,DorothyDay_train45,10,12.75572896,0.0869600846925,0.0434374268752,1.0,0.0,14.9,0.174169436576,0.612589440953,0.466894222546
261,DorothyDay_test17,10,14.5972161293,0.0836351393214,0.042104320879,1.0,0.0,19.2,0.212818377091,0.603382897212,0.451919736156
262,Rabbinic_train07,10,13.8981001377,0.0961517326165,0.0422128891193,1.0,0.0,21.3,0.292384947383,0.518215425418,0.53954871335
263,Unitarian_train03,10,24.5988698006,0.0991511476082,0.0486378988876,0.9,0.1,23.3,0.117658598,0.533414418341,0.476437717251
264,Shepherd_train22,10,18.1639370918,0.094587430791,0.0659872135108,0.9,0.1,16.4,0.0806225234146,0.502348647295,0.548318737591
265,Rabbinic_train09,10,12.3857460022,0.0968312689736,0.0327714327235,1.0,0.0,20.2,0.287931501003,0.682530323942,0.517116981292
266,WBC_train04,10,22.2542910576,0.091213034576,0.065464086628,0.8,0.2,27.2,0.165640915291,0.587593884851,0.491439433507
267,Shepherd_train43,10,20.6792759895,0.10020559509,0.0591342878627,1.0,0.0,15.9,0.0672020799079,0.545358182314,0.599738620662
268,JohnPiper_train01,10,17.8504650593,0.0981165407028,0.0424329204605,1.0,0.0,20.3,0.125593569293,0.588889829574,0.657917052558
269,Shepherd_test18,10,21.0267620087,0.0937678723545,0.0576429436286,0.9,0.1,16.4,0.0621036466081,0.502174655697,0.516200454754
270,Shepherd_test09,10,20.7084748745,0.0892732952393,0.062947220901,1.0,0.0,17.1,0.0767724036478,0.528930711936,0.400220342853
271,JohnPiper_train07,10,17.6150598526,0.101439539093,0.060193417628,0.9,0.1,21.5,0.137344791275,0.544983085182,0.515205872648
272,JohnPiper_train40,5,7.15402913094,0.110559751491,0.0483652320183,1.0,0.0,14.2,0.110496436773,0.635625985085,0.584829979995
273,Shepherd_train14,10,16.3879339695,0.0991254461619,0.0536569640536,0.9,0.1,14.6,0.0814249194728,0.501819643725,0.48436226753
274,Unitarian_train19,3,8.21330904961,0.109428039147,0.0526540577023,1.0,0.0,31.0,0.132429475793,0.568785702542,0.602504650867
275,DorothyDay_train39,10,13.1628799438,0.0855306023679,0.0414815539713,1.0,0.0,14.0,0.153353094252,0.675193520778,0.73255877979
276,JohnPiper_train34,10,18.1004309654,0.101630212492,0.0533446364906,1.0,0.0,23.4,0.14576142509,0.532743156155,0.573292641598
277,PastorAnderson_test05,10,69.4235181808,0.0812094777605,0.0457756452744,0.9,0.1,55.1,0.0702385405913,0.561021054029,0.515110779559
278,WBC_train14,10,19.7604970932,0.0741481691704,0.0832118151521,0.4,0.6,24.3,0.173213540308,0.616513631393,0.503922251212
279,DorothyDay_train48,10,11.9998512268,0.0888582310893,0.0284882005444,1.0,0.0,13.8,0.189995874333,0.675600398393,0.685280593895
280,JohnPiper_train36,10,16.6911158562,0.0970801473108,0.0486365268768,1.0,0.0,18.9,0.132689592419,0.578252497928,0.557047439965
281,JohnPiper_test12,10,17.5059928894,0.0989607409136,0.0503154709227,0.9,0.1,19.9,0.130423561817,0.587350231295,0.545782020111
282,DorothyDay_test19,10,14.68343997,0.0841034541094,0.0358059841799,1.0,0.0,16.4,0.167634822872,0.652247252923,0.539446923142
283,MehrBaba_train06,10,11.6162679195,0.114310874321,0.0427518478121,1.0,0.0,17.7,0.290848594443,0.602067120926,0.654495328082
284,PastorAnderson_train05,10,72.5515530109,0.0870525433122,0.0493416691962,1.0,0.0,67.9,0.0825496540848,0.62418299057,0.719192350303
285,DorothyDay_train47,10,22.4735388756,0.083525459,0.0371268358122,1.0,0.0,24.2,0.175010027666,0.593053338875,0.835090865065
286,Unitarian_test02,10,26.5701670647,0.0987877955583,0.0463656786513,1.0,0.0,25.0,0.107592695489,0.542254758963,0.612406950901
287,Rabbinic_train01,10,14.7337601185,0.0974713330169,0.0389521923339,1.0,0.0,22.4,0.28035682282,0.671373517745,0.61572406244
288,DorothyDay_train23,10,14.1600799561,0.0907447707798,0.0394639153002,1.0,0.0,14.8,0.173651224799,0.632019872907,0.625821611597
289,DorothyDay_train32,10,12.7177901268,0.0947701225129,0.0371296858202,1.0,0.0,13.4,0.149931210954,0.662993259377,0.654998685484
290,Rabbinic_train11,6,8.63287305832,0.0940010742623,0.031378723729,1.0,0.0,24.1666666667,0.304451923273,0.575621737444,0.509814304469
291,DorothyDay_train09,10,15.0713429451,0.0928502134233,0.0424823205241,1.0,0.0,15.4,0.135763702752,0.669292227395,0.424627685537
292,NaumanKhan_train03,10,27.2921819687,0.0899948769418,0.0334654944826,1.0,0.0,35.8,0.215207688756,0.497137957381,0.713041495939
293,DorothyDay_train14,10,16.6307761669,0.0843816387641,0.0478658268106,1.0,0.0,18.9,0.172666808982,0.660065455561,0.458068773249
294,DorothyDay_train43,10,16.8144218922,0.0860322298821,0.0340777747202,1.0,0.0,20.2,0.176083692682,0.631578894042,0.565755202169
295,JohnPiper_train18,10,16.0793910027,0.101048893231,0.0558051947187,1.0,0.0,16.2,0.110640774782,0.590486270834,0.509110045356
296,JohnPiper_test09,10,18.3739480972,0.113451644884,0.0518328712354,0.9,0.1,23.2,0.146587684059,0.581032896586,0.720397189431
297,PastorAnderson_train11,10,73.1416518688,0.0793806157572,0.0458483814584,1.0,0.0,71.3,0.0813816659989,0.579615331634,0.642567780126
298,MehrBaba_train12,10,12.8504300117,0.113133583246,0.0459434532278,1.0,0.0,19.2,0.235121597755,0.669883568402,0.61627730497
299,Unitarian_test05,10,29.7071249485,0.107262298677,0.0469700808324,1.0,0.0,28.8,0.113814987736,0.526769329372,0.567159889073
300,Shepherd_train07,10,18.7570538521,0.09543866621,0.0597147646604,0.9,0.1,15.2,0.0558333495024,0.460408198037,0.35563352221
301,Shepherd_train34,10,20.6601510048,0.0939554830717,0.0496489163278,0.9,0.1,17.0,0.0726805656629,0.522148498335,0.593146008465
302,Shepherd_train25,10,21.6249001026,0.0925001011474,0.0607710341613,0.9,0.1,15.0,0.0498784532997,0.52803770685,0.408050391536
303,DorothyDay_train00,10,12.2638669014,0.0902130701276,0.0316384453185,1.0,0.0,12.9,0.147868966921,0.549749708191,0.543535130431
304,Unitarian_train15,10,25.6942210197,0.100337442171,0.0484110635355,1.0,0.0,25.0,0.108666399484,0.544829506594,0.375644355776
305,MehrBaba_test03,10,9.44399213791,0.110679107068,0.051594658384,1.0,0.0,12.4,0.250852414656,0.561951492731,0.611234069672
306,JohnPiper_train24,10,16.8694958687,0.0953614954743,0.0490541806615,0.8,0.2,17.7,0.122381978789,0.556782756176,0.641293741178
307,DorothyDay_train53,10,13.2668318748,0.0849193865278,0.0436528843705,0.9,0.1,16.6,0.18825272055,0.604842485627,0.722845959532
308,Shepherd_train46,10,22.3188290596,0.0928335268793,0.05890633019,0.9,0.1,15.3,0.0556900845724,0.545302767334,0.50871062384
309,JohnPiper_train06,10,15.9811618328,0.089208783119,0.0442554202149,0.9,0.1,15.5,0.11564511761,0.564541285497,0.456886216603
310,Shepherd_test17,10,20.3652961254,0.0945171144022,0.0545224825899,1.0,0.0,16.2,0.0676195297397,0.522858236407,0.576296039188
311,WBC_train22,10,19.7104480267,0.0924819766734,0.0759715954341,0.8,0.2,25.8,0.185133675118,0.640710695094,0.432248893582
312,WBC_test03,10,21.6582629681,0.0840894375213,0.0816255744241,0.6,0.4,28.1,0.195930598046,0.579547659861,0.725370648307
313,Shepherd_test02,10,18.2424321175,0.096054025265,0.05323260792,1.0,0.0,13.5,0.0636777074799,0.453183566726,0.353862164043
314,JohnPiper_test00,10,15.7335259914,0.0985854810664,0.0468834237533,1.0,0.0,17.7,0.132030014656,0.574428927286,0.508819645336
315,DorothyDay_test20,10,16.5639882088,0.086173562807,0.0417954393586,1.0,0.0,20.1,0.179320350626,0.642489189822,0.597856031853
316,DorothyDay_test00,10,10.8512880802,0.0810085969148,0.0424618545795,0.9,0.1,8.8,0.112993759482,0.552776023362,0.50894996919
317,MehrBaba_train15,10,12.3069629669,0.119227430672,0.0419597326085,1.0,0.0,18.3,0.224308950645,0.606014984425,0.627012887696
318,DorothyDay_test15,10,17.2143089771,0.0931009342139,0.035975328548,1.0,0.0,18.8,0.155680009635,0.576833308977,0.394033627629
319,Rabbinic_test00,10,14.1636071205,0.0965059391605,0.0435838270661,1.0,0.0,20.6,0.254127825583,0.605087441929,0.553010228269
320,JohnPiper_train13,10,17.6606640816,0.100637452973,0.0499137199522,0.9,0.1,17.9,0.123426895995,0.596987312289,0.605311249807
321,JohnPiper_train21,10,18.1014420986,0.0952673959666,0.0404309228582,1.0,0.0,20.3,0.126742418155,0.559882897432,0.490348427322
322,Unitarian_train05,10,26.8587398529,0.102197476048,0.0487989446632,0.9,0.1,24.6,0.115060237155,0.526787301677,0.681569188857
323,JohnPiper_train33,10,14.8287329674,0.0987844987503,0.048620273612,1.0,0.0,16.3,0.113226192862,0.569432061346,0.701797752937
324,Shepherd_train41,10,20.660266161,0.104196119714,0.0528827846409,1.0,0.0,18.5,0.0639362064128,0.486586890816,0.638538919054
325,WBC_train11,10,26.5130589008,0.0867173859283,0.0785314604679,0.5,0.5,35.8,0.202890999804,0.590717060255,0.615606360833
326,PastorAnderson_train08,10,71.3861441612,0.090873532789,0.0421799011699,1.0,0.0,58.8,0.0656501960119,0.568564228569,0.391302801726
327,JohnPiper_test17,4,7.47159218788,0.09098111297,0.042148165811,1.0,0.0,20.75,0.129371403076,0.674585340706,0.612366641436
328,DorothyDay_test09,10,11.9239730835,0.0879980322127,0.0352281287951,0.9,0.1,13.6,0.1643777083,0.571868928473,0.565074507703
329,Shepherd_train16,10,20.1288630962,0.0979054260209,0.0537832238681,1.0,0.0,17.4,0.0705204815209,0.498701937305,0.27731366841
330,WBC_train28,10,20.7172248363,0.0805847451131,0.0757287481698,0.5,0.5,25.5,0.181380064357,0.598318524216,0.53285854504
331,PastorAnderson_test03,10,70.5316851139,0.0882071438197,0.047193122248,1.0,0.0,60.9,0.0757426082891,0.552354102521,0.621293841762
332,DorothyDay_train11,10,16.1366980076,0.0870041516034,0.0381557483438,1.0,0.0,18.0,0.158221775361,0.615147558726,0.60477855548
333,JohnPiper_train08,10,17.3497810364,0.0991600654495,0.0537353388134,0.9,0.1,18.5,0.121525501273,0.556644944314,0.533843623196
334,WBC_train02,10,22.8266429901,0.0845607600531,0.0692100873956,0.6,0.4,30.4,0.198252316628,0.615229247785,0.651887892605
335,JohnPiper_train17,10,17.4113512039,0.0977268692082,0.0627476623012,0.7,0.3,21.7,0.138386623811,0.58297940628,0.550788233899
336,JohnPiper_test10,10,18.0765421391,0.0851547667253,0.0474492546337,1.0,0.0,21.9,0.136473723126,0.530847587728,0.50935453674
337,WBC_train20,10,19.3204288483,0.0797132871203,0.0783317478709,0.6,0.4,22.0,0.162652944935,0.582626174055,0.626592707505
338,MehrBaba_train00,10,16.738312006,0.112592005164,0.0443785791059,1.0,0.0,23.2,0.198456026356,0.636167033681,0.602110549389
339,PastorAnderson_train07,10,74.8751130104,0.0834369929587,0.0555100275618,0.9,0.1,70.2,0.0728283673127,0.54465115948,0.632834719775
340,Unitarian_test00,10,27.6398749352,0.101638044879,0.053296622308,1.0,0.0,26.7,0.131960069193,0.520111685715,0.36301197531
341,JohnPiper_train11,10,16.9967210293,0.104998115696,0.0560159231334,1.0,0.0,19.3,0.11739715997,0.674021001028,0.680131297763
342,Shepherd_train02,10,22.8125579357,0.0935998417461,0.0551633970053,1.0,0.0,18.1,0.0651738395299,0.498463078775,0.435260250174
343,DorothyDay_train25,10,13.4057240486,0.0867232074004,0.0340164578205,1.0,0.0,14.8,0.173430569175,0.639023113184,0.700526536969
344,Shepherd_train39,10,20.6721417904,0.0897797241417,0.0752938488371,0.8,0.2,18.5,0.0649642437444,0.495043722055,0.475830042371
345,DorothyDay_train30,10,13.9479660988,0.0880618960261,0.0412158602976,1.0,0.0,16.5,0.172486702466,0.647177291904,0.507270855324
346,Unitarian_train09,10,23.3960950375,0.0904357112022,0.0684026433304,0.9,0.1,21.3,0.0950331945097,0.51449122946,0.518878247747
347,Shepherd_train28,10,19.1228129864,0.0965271455923,0.0604088691992,0.8,0.2,15.6,0.0756713204301,0.502043397117,0.564688009998
348,DorothyDay_train07,10,14.7182769775,0.0957020263313,0.0399722018295,1.0,0.0,18.5,0.222243033956,0.628804588396,0.609425172095
349,MehrBaba_test06,10,10.9818599224,0.103817724511,0.0449838896999,1.0,0.0,12.3,0.200964781418,0.583364632926,0.715511567185
350,DorothyDay_train16,10,14.3185379505,0.086276969745,0.0365951729005,1.0,0.0,17.5,0.183398551322,0.605096640698,0.515080462192
351,NaumanKhan_train04,10,34.4528450966,0.0817853682335,0.0360666263013,1.0,0.0,33.4,0.160807352901,0.475944270178,0.246674036495
352,Rabbinic_train03,10,14.5185780525,0.0917369787505,0.0402298865055,1.0,0.0,19.4,0.234903731666,0.636142335741,0.568860256929
353,DorothyDay_train54,1,1.93254113197,0.117401215805,0.0455927051672,1.0,0.0,18.0,0.131386861314,-0.655870740573,0.511745389307
354,Shepherd_test12,10,23.0309920311,0.0955675632076,0.0565836100655,1.0,0.0,21.3,0.0692484219926,0.539578197746,0.439002010987
355,WBC_test04,10,21.7139508724,0.0819764177256,0.0740484356853,0.8,0.2,29.6,0.203399913881,0.635547199866,0.791953431012
356,MehrBaba_train09,10,13.8250250816,0.126487251439,0.0416105671825,1.0,0.0,15.2,0.164257037831,0.552969682942,0.555405555242
357,DorothyDay_test05,10,13.0126721859,0.0886230123191,0.037611103288,1.0,0.0,13.0,0.162436110276,0.604183875069,0.442000824467
358,MehrBaba_train10,10,16.4209339619,0.114854800828,0.0473037982757,1.0,0.0,23.3,0.244981023268,0.603540409084,0.716822624306
