,groupId,files,timeRun,perPos,perNeg,perPosDoc,perNegDoc,judgementCount,judgementFrac,avgSD,avgEVC
0,Shepherd_train05,10,20.5246701241,0.0976688802507,0.0496559012886,1.0,0.0,15.3,0.0509540801025,0.705526523613,0.0167891407781
1,Shepherd_train32,10,17.8216328621,0.10386529389,0.0599212660667,1.0,0.0,15.7,0.0836681296703,0.740676854049,0.0751402219909
2,Shepherd_train27,10,19.2540102005,0.0906249772959,0.0599522072,0.9,0.1,16.2,0.0618971419204,0.72376324166,0.00375429160575
3,Unitarian_train13,10,22.6265530586,0.109486779283,0.0445978553347,1.0,0.0,23.6,0.117075750334,0.811735591101,0.0316803439361
4,MehrBaba_test01,10,11.1298370361,0.121681803471,0.055739111625,1.0,0.0,13.7,0.167419932932,0.847400507506,0.291549324999
5,JohnPiper_train26,10,16.6418538094,0.104239736708,0.0558518595373,1.0,0.0,19.2,0.122739220529,0.802149789525,0.140321492771
6,Shepherd_train44,10,19.7140209675,0.0968971518774,0.0625495321221,0.9,0.1,15.4,0.0613094373746,0.721320922968,0.0302453593822
7,JohnPiper_train04,10,19.704144001,0.0956702727495,0.0495818318863,1.0,0.0,20.7,0.114268163897,0.826100285968,0.0505617259427
8,Shepherd_test15,10,19.6090409756,0.098771622721,0.0579416208865,0.9,0.1,17.5,0.0833988524903,0.689954205275,0.0516351401939
9,Shepherd_test04,10,19.1823558807,0.0927192279159,0.0585467686905,1.0,0.0,13.6,0.0477767075174,0.714636708986,0.0550541342059
10,JohnPiper_test02,10,19.615598917,0.0971392390863,0.0494270136322,0.9,0.1,22.1,0.133910678737,0.818803271167,0.133332289447
11,DorothyDay_test02,10,15.8894798756,0.0938461376811,0.0376496163281,1.0,0.0,20.3,0.193585148351,0.854028597093,0.242638437422
12,DorothyDay_test13,10,13.6529550552,0.0935347779217,0.0384782378637,1.0,0.0,16.3,0.14226234986,0.872495472688,0.0318598268386
13,Rabbinic_test02,10,13.7180480957,0.0885700379167,0.0473089730517,1.0,0.0,21.5,0.270998753348,0.820159666934,0.109823886538
14,Unitarian_train07,10,29.1532039642,0.0995981153543,0.0432144748829,1.0,0.0,29.4,0.117926299633,0.827352886892,0.206100524703
15,DorothyDay_train29,10,15.7118961811,0.0886094589609,0.0406515072889,1.0,0.0,18.9,0.176676454546,0.86478074223,0.0118573198577
16,JohnPiper_train31,10,15.3413729668,0.099628030655,0.0411395749314,1.0,0.0,16.8,0.138858887262,0.786522825496,0.167978797534
17,WBC_train13,10,20.0603580475,0.0863369693739,0.0740021177939,0.7,0.3,26.6,0.163688937796,0.803435854192,0.166360492287
18,JohnPiper_test15,10,17.3101890087,0.101664769133,0.0468342286826,1.0,0.0,18.2,0.11862104012,0.824358030263,0.131848884179
19,MehrBaba_train05,10,10.9937539101,0.114310106272,0.0452876984691,1.0,0.0,15.9,0.254090912269,0.835278333899,0.0402640126179
20,Shepherd_train10,10,18.5758199692,0.0961389170478,0.0605776733261,1.0,0.0,16.5,0.0601300446893,0.750204952006,0.0771983599258
21,Shepherd_train09,10,18.8985650539,0.0942602217657,0.057079738089,1.0,0.0,15.5,0.0631429742993,0.748048960748,0.0344058098468
22,DorothyDay_train20,10,12.022562027,0.0890477026489,0.0367519042381,1.0,0.0,14.9,0.182383171825,0.843368251311,0.0539578380797
23,JohnPiper_train38,10,18.3401200771,0.0974418895223,0.0468713462573,0.9,0.1,20.9,0.137697924214,0.82612482012,0.0238652514343
24,PastorAnderson_test01,10,84.9074819088,0.0893493486462,0.051487403476,1.0,0.0,67.0,0.0711747926263,0.803425199385,0.149283914155
25,DorothyDay_train13,10,16.6586279869,0.0847026093399,0.0443654759922,1.0,0.0,18.6,0.185534061602,0.850399973548,0.0748115791287
26,WBC_train00,10,27.9495940208,0.0866958001068,0.0663688335,0.7,0.3,35.4,0.173796080729,0.807710279864,0.136162097371
27,DorothyDay_train41,10,14.6765568256,0.101915246605,0.0393599546818,1.0,0.0,17.8,0.164025642291,0.837314796257,0.281518411789
28,WBC_test11,10,21.7157020569,0.0820815449124,0.0717803215535,0.6,0.4,28.1,0.196435619928,0.840220526932,0.15285514948
29,WBC_test09,10,22.9233219624,0.0784872414321,0.0840130018937,0.4,0.6,28.9,0.159496593409,0.798589533797,0.209399823603
30,Rabbinic_train04,10,15.2889862061,0.0953287095985,0.0420895212058,1.0,0.0,20.3,0.243147200318,0.854939548504,0.0693579927745
31,MehrBaba_train02,10,12.1887497902,0.11387283548,0.0451781311577,1.0,0.0,22.1,0.29153814605,0.865996905907,0.0187627799303
32,WBC_test08,10,18.5305950642,0.0847488931973,0.0733472035163,0.7,0.3,24.5,0.190467297284,0.859420070456,0.142368608859
33,PastorAnderson_train01,10,71.0751190186,0.0872460912388,0.0464846230436,1.0,0.0,55.4,0.0686279056065,0.825197586072,0.14061435391
34,Unitarian_test06,10,19.1597979069,0.0999399243493,0.0662819371322,0.9,0.1,17.3,0.104468891211,0.788304956527,0.142540961407
35,Shepherd_train19,10,20.7594640255,0.0958480812209,0.0611158662066,1.0,0.0,17.2,0.0613731949961,0.697473900824,0.0231806290147
36,Shepherd_train00,10,17.8102190495,0.106735229587,0.0515309840309,1.0,0.0,14.5,0.0664203315093,0.728421804255,0.000496186127274
37,DorothyDay_train27,10,14.8201920986,0.0873573951864,0.0350670644282,1.0,0.0,17.5,0.151660541668,0.872421448368,0.0555167571105
38,Shepherd_train37,10,19.8924338818,0.0964741594693,0.0571605344053,0.9,0.1,17.7,0.072771193555,0.728358599673,0.0158068262791
39,DorothyDay_train36,10,12.606139183,0.0835965414874,0.0404881703004,0.9,0.1,12.5,0.125768740601,0.852679099862,0.0818481697304
40,DorothyDay_train05,10,12.3927571774,0.0903760601873,0.0317459279318,1.0,0.0,13.1,0.151416458451,0.85954349585,0.0256751584818
41,Unitarian_train16,10,27.5605537891,0.105407709868,0.0378865683038,1.0,0.0,30.7,0.134661790583,0.826394204948,0.141945973831
42,MehrBaba_test04,10,15.2832150459,0.122895705455,0.0550338241874,1.0,0.0,20.1,0.211975244734,0.901141037451,0.00233962303298
43,DorothyDay_train18,10,8.70941996574,0.0958281610637,0.0466194074353,1.0,0.0,10.9,0.162697495075,0.858050641977,0.121475597908
44,JohnPiper_train15,10,17.8481829166,0.101437503762,0.0540861221204,0.9,0.1,24.2,0.146148432883,0.860853919008,0.040901254683
45,JohnPiper_train23,10,18.1435070038,0.10290132745,0.0433569384957,0.9,0.1,17.2,0.104342427146,0.774436576303,0.0687907050965
46,Shepherd_test10,10,19.1999509335,0.0964517226639,0.0590179855007,1.0,0.0,16.5,0.0681645825113,0.736227321343,0.00378505093096
47,WBC_test06,10,20.8375051022,0.0784854869369,0.0667300828947,0.5,0.5,25.0,0.169465522638,0.803118292132,0.0482280329293
48,Shepherd_test01,10,21.4842422009,0.0959824755824,0.0550398015524,1.0,0.0,14.2,0.0569024453521,0.739873410336,0.151741832818
49,JohnPiper_test05,10,16.8654019833,0.100717563706,0.0526977620001,1.0,0.0,19.6,0.127746584721,0.835721115833,0.0353777597856
50,PastorAnderson_train15,9,64.5147709846,0.0843741367827,0.0459606621203,1.0,0.0,62.6666666667,0.0771076834465,0.824415410398,0.0592456656001
51,DorothyDay_test23,3,3.2322909832,0.107998492079,0.0302515546104,1.0,0.0,9.33333333333,0.151131854257,0.900333836143,0.0175990789005
52,DorothyDay_test07,10,10.2208890915,0.0919701503961,0.040325228808,0.9,0.1,13.0,0.181077352607,0.851209579489,0.124353844002
53,MehrBaba_train16,10,13.6829628944,0.116293078936,0.0411069224211,1.0,0.0,15.8,0.203228486386,0.844440897073,0.0425050913659
54,DorothyDay_test16,10,19.2098109722,0.0946388228165,0.0392276592646,1.0,0.0,22.3,0.192168939705,0.837616405837,0.0688643160015
55,Shepherd_train30,10,18.8021380901,0.0934118112825,0.0623487689527,1.0,0.0,14.9,0.0650116535396,0.706816399377,0.0207707779157
56,Unitarian_train00,10,27.1877629757,0.10400583012,0.0500683512259,1.0,0.0,27.7,0.122953321338,0.789735292614,0.104533208247
57,Shepherd_train21,10,19.6275448799,0.0897445402746,0.0679873105336,0.9,0.1,16.5,0.0691413657085,0.650085613367,0.072391591766
58,Unitarian_train11,10,29.2209479809,0.101766556146,0.0432643328981,1.0,0.0,27.6,0.0978393057824,0.827396595853,0.124479940867
59,JohnPiper_train28,10,16.971487999,0.106108261457,0.0474276515229,1.0,0.0,20.7,0.148202785966,0.801940219475,0.0272910741468
60,WBC_train27,10,23.7863128185,0.0853698882448,0.0878202972669,0.4,0.6,33.3,0.200492423002,0.876143266587,0.124061200469
61,Shepherd_train42,10,18.4311258793,0.0962327508793,0.0587679108637,0.9,0.1,15.6,0.0668210329659,0.717577340457,0.0473243123312
62,JohnPiper_train02,10,16.9411509037,0.106784553686,0.0512465786959,0.9,0.1,20.0,0.123409609116,0.815542961591,0.034714016839
63,Shepherd_test06,10,20.2725660801,0.0959730708505,0.052867912041,1.0,0.0,14.8,0.0547895336949,0.706718987931,0.151429244682
64,NaumanKhan_train05,8,21.5254368782,0.0803083074254,0.0429433424356,0.875,0.125,23.875,0.138531779092,0.806056963438,0.00495190207069
65,DorothyDay_test11,10,14.3969352245,0.0865120615275,0.0392313080488,1.0,0.0,16.3,0.15182612459,0.890022257126,0.138627409066
66,Rabbinic_test04,10,13.4038610458,0.0970436300791,0.0360111354152,1.0,0.0,20.5,0.253675761489,0.815828984621,0.0584295812247
67,Rabbinic_train06,10,15.686054945,0.094753592329,0.0422266248347,1.0,0.0,25.5,0.278332682479,0.841686059755,0.100587680623
68,Shepherd_train15,10,18.8144869804,0.102394642959,0.0557566871455,0.9,0.1,16.6,0.0756158858164,0.666129374851,0.0759391695211
69,Unitarian_train18,10,20.4953241348,0.102828449152,0.049964935198,1.0,0.0,20.7,0.137767539844,0.799359659024,0.0339347521787
70,WBC_train17,10,25.5650451183,0.0769989776309,0.0704630806086,0.7,0.3,36.3,0.213420025655,0.834706572542,0.167910101205
71,JohnPiper_train37,10,16.5206410885,0.109967566392,0.0445964017799,1.0,0.0,21.7,0.163858624656,0.840145780728,0.134140676921
72,WBC_train05,10,20.4694190025,0.0829775410288,0.0826591747488,0.5,0.5,27.6,0.189564558349,0.873473352882,0.204545128515
73,PastorAnderson_test06,9,67.8180019855,0.0847047707402,0.0480860406715,1.0,0.0,67.6666666667,0.0683264491244,0.84551335556,0.145042598666
74,WBC_train15,10,18.3571820259,0.0887559621721,0.0724435948744,0.8,0.2,24.4,0.188592677658,0.800144970689,0.178058701987
75,WBC_train07,10,18.6867239475,0.0855720510959,0.0745602369328,0.6,0.4,24.4,0.198152374831,0.839142591649,0.106879787363
76,JohnPiper_test13,10,18.148804903,0.106696481429,0.0520942293215,1.0,0.0,17.7,0.0971653630213,0.78779103742,0.0119349021812
77,JohnPiper_train06,10,17.6934638023,0.0882830174703,0.0461692018077,0.9,0.1,17.9,0.110987350589,0.816214764695,0.00389763102749
78,MehrBaba_train07,10,8.32530093193,0.104296943242,0.0457808073143,0.9,0.1,10.4,0.184820719224,0.805154158771,0.160264617204
79,PastorAnderson_train04,10,73.1972720623,0.0815401183223,0.0445123645412,1.0,0.0,70.0,0.0859987552207,0.803344586236,0.128638640117
80,Shepherd_train12,10,17.3208720684,0.0919896119184,0.0495324746237,1.0,0.0,15.1,0.069905743816,0.765142575155,0.035954899995
81,DorothyDay_train22,10,10.5598499775,0.0890315594016,0.0389025090868,1.0,0.0,12.3,0.17268175361,0.849524423953,0.155592601512
82,DorothyDay_train33,10,10.8474941254,0.0921577258341,0.0405811536171,0.9,0.1,14.0,0.200219315688,0.898587110962,0.0841053853485
83,Rabbinic_train10,10,13.6384670734,0.102243980128,0.0374300851413,1.0,0.0,22.0,0.276274167578,0.816618039948,0.166306739034
84,DorothyDay_train08,10,13.2882399559,0.0917732976327,0.0346819510149,1.0,0.0,15.6,0.156707802701,0.868170574611,0.117305590021
85,DorothyDay_train15,10,15.5281980038,0.0865146739536,0.0424522588128,1.0,0.0,18.1,0.158971292771,0.863087528731,0.0464763121235
86,DorothyDay_train42,10,18.5843551159,0.0867706458811,0.0378790292195,1.0,0.0,22.0,0.190701414339,0.834935933955,0.108800929912
87,WBC_train25,10,20.3234729767,0.0759961013415,0.0743218361981,0.7,0.3,26.7,0.189302904942,0.783798186563,0.0822025757741
88,Shepherd_test20,10,19.5568320751,0.0982431148136,0.0582129127567,1.0,0.0,15.1,0.0577460523982,0.680159532594,0.0952109543045
89,NaumanKhan_test02,6,37.112197876,0.0791098003955,0.0274961998617,1.0,0.0,58.6666666667,0.147416844684,0.74492607665,0.0241751147435
90,JohnPiper_test08,10,17.7785899639,0.097206072991,0.044564097712,1.0,0.0,20.4,0.135436982673,0.836834999389,0.106748640487
91,PastorAnderson_train12,10,73.5524401665,0.0886393339463,0.049925136971,1.0,0.0,62.6,0.0799230446155,0.81197660291,0.0407368745898
92,PastorAnderson_train03,10,74.1024520397,0.0891263592439,0.0457440520911,0.8,0.2,63.4,0.0707864046549,0.786308766632,0.0867018370531
93,WBC_train08,10,19.6647980213,0.0766844494474,0.0810627705633,0.4,0.6,23.6,0.158543919639,0.830828930012,0.186202763984
94,Unitarian_test04,10,25.7024579048,0.100125915491,0.0493880102108,1.0,0.0,27.8,0.154268136249,0.7878903351,0.0285550616608
95,JohnPiper_train22,10,17.3389589787,0.103390359226,0.0540184353257,1.0,0.0,19.3,0.123507484249,0.832130819421,0.145355535009
96,Shepherd_train06,10,19.2748720646,0.102654219501,0.0508845276859,1.0,0.0,18.5,0.0777446224151,0.722928730494,0.00543087772902
97,Shepherd_train35,10,18.7035109997,0.101027535236,0.0498794915507,1.0,0.0,17.3,0.0674955372528,0.737672435842,0.0154048317494
98,DorothyDay_train34,10,12.0578801632,0.0997530036927,0.0368807719758,1.0,0.0,13.2,0.159578515377,0.860482152105,0.101826959283
99,Shepherd_train24,10,19.3421750069,0.0971996857566,0.0482977619251,1.0,0.0,15.1,0.0505399969744,0.705654906112,8.28959240447e-05
100,DorothyDay_train03,10,11.3976349831,0.0911860850674,0.0333338441811,1.0,0.0,14.9,0.176668023841,0.866680479517,0.0868819618032
101,Unitarian_train14,10,26.4349849224,0.0985309084827,0.0508894767025,1.0,0.0,28.1,0.124695040815,0.81193228945,0.0142602791507
102,MehrBaba_test02,10,10.0943701267,0.11611372865,0.039888867311,1.0,0.0,14.7,0.256665704393,0.830546743707,0.181651615066
103,NaumanKhan_train00,10,32.2413339615,0.0833423392799,0.0379374311707,1.0,0.0,33.4,0.148076794887,0.772344117165,0.0190165232345
104,JohnPiper_train25,10,16.8678400517,0.101061944529,0.0510341235308,1.0,0.0,20.8,0.143168588785,0.789923351005,0.0464982056353
105,Shepherd_train50,9,16.2545671463,0.0970293243343,0.0600572366659,1.0,0.0,15.0,0.0679790232857,0.756667700223,0.0486478128134
106,JohnPiper_train19,10,14.9096989632,0.0965350764907,0.0522807160649,0.9,0.1,17.6,0.136840658093,0.841233564436,0.232883035425
107,DorothyDay_train50,10,15.0162708759,0.0850391383607,0.0405168350922,1.0,0.0,18.8,0.180630344583,0.829926950464,0.0923807971785
108,Shepherd_train49,10,19.8054039478,0.0947936603964,0.0591265868649,1.0,0.0,19.3,0.0848771183605,0.733682495591,0.0415171324693
109,JohnPiper_train07,10,19.3019349575,0.0973144893324,0.0488341296458,1.0,0.0,18.9,0.121528730462,0.817156998547,0.0707463076936
110,Shepherd_test16,10,21.0398280621,0.101682080895,0.0562962705584,1.0,0.0,20.5,0.0803447155928,0.690875358561,0.0536073443855
111,WBC_test00,10,26.3307650089,0.0788886990212,0.0698831323427,0.7,0.3,32.9,0.185130984711,0.821247599862,0.220137902568
112,Shepherd_test03,10,18.7630369663,0.0995389561874,0.0515209611568,1.0,0.0,14.7,0.0645831661281,0.712979602041,0.0239804316807
113,JohnPiper_test07,10,18.0130729675,0.0945477903588,0.0400597475531,1.0,0.0,25.2,0.16983395963,0.850675076698,0.0114116476549
114,DorothyDay_test21,10,13.9020740986,0.0848508540294,0.037954806138,1.0,0.0,15.3,0.150376821332,0.838232427022,0.115045241608
115,DorothyDay_test01,10,10.7036070824,0.083453643668,0.0488395083025,1.0,0.0,11.6,0.162137721419,0.846210974047,0.121394279601
116,MehrBaba_train14,10,11.3742620945,0.114008459587,0.0403751897965,1.0,0.0,20.2,0.285317968677,0.897947506294,0.133365975321
117,DorothyDay_test14,10,12.2200779915,0.0877540535132,0.0300716381787,1.0,0.0,15.5,0.152383268425,0.835316338988,0.0741389273051
118,WBC_train09,10,21.3230769634,0.0788717457691,0.0726283893958,0.6,0.4,31.6,0.213436392952,0.826852379246,0.0814143283568
119,MehrBaba_train18,5,4.08911514282,0.0927730225897,0.0469240829458,0.8,0.2,11.6,0.307708869554,0.89913702763,0.146123848083
120,Unitarian_train02,10,25.5050721169,0.0942006017548,0.0523895010446,0.9,0.1,26.0,0.111302912593,0.787452602691,0.213912755793
121,Shepherd_train23,10,19.0336308479,0.0995361283564,0.0517095622844,0.9,0.1,16.7,0.0634797790504,0.70097659565,0.0360860447373
122,Rabbinic_train08,10,13.298776865,0.0942066582464,0.0424781225413,1.0,0.0,20.0,0.253214180904,0.851577615974,0.195401162438
123,JohnPiper_train32,10,16.4853389263,0.0917824993171,0.0586892395755,1.0,0.0,16.6,0.120891080047,0.828706040791,0.0851637320217
124,Shepherd_train40,10,18.7730650902,0.10329454741,0.0632967043807,1.0,0.0,16.9,0.0779289372095,0.695697506611,0.0262824829521
125,JohnPiper_train00,10,15.8148610592,0.09827697303,0.0522496636701,1.0,0.0,17.6,0.140616201907,0.861345699472,0.0971185365156
126,Shepherd_test19,10,18.3003721237,0.0929418324978,0.0528216921348,1.0,0.0,15.9,0.0625295646072,0.710205195274,0.00337082739481
127,WBC_train23,10,23.3057990074,0.0825766104084,0.0770437892956,0.6,0.4,39.7,0.224331216275,0.797573471462,0.108104342694
128,Shepherd_test08,10,20.8755772114,0.0939450216462,0.0573047333583,1.0,0.0,17.4,0.0519644878561,0.765132192399,0.182883545852
129,DorothyDay_train46,10,9.94874596596,0.0917941057973,0.0363959355445,1.0,0.0,11.8,0.145421238272,0.84446976058,0.0600311044567
130,JohnPiper_train20,10,14.8274328709,0.109595498477,0.0536202451704,1.0,0.0,18.7,0.133401617497,0.880764019817,0.130790851263
131,Shepherd_train17,10,18.2007110119,0.099141222599,0.059013907036,1.0,0.0,16.0,0.0556561367814,0.745546387016,0.0472718500761
132,DorothyDay_train38,10,13.2569909096,0.0862394879171,0.0391813892742,0.9,0.1,15.6,0.175311823144,0.852901292408,0.0259606447004
133,JohnPiper_train35,10,15.6560199261,0.0984493239432,0.0504422989485,0.9,0.1,17.4,0.108894819768,0.829593846838,0.0663563679686
134,DorothyDay_test18,10,9.48880696297,0.0877089257201,0.0438160867285,0.9,0.1,10.6,0.169749445685,0.864911499737,0.247919442776
135,PastorAnderson_test04,10,74.8558588028,0.0891330038051,0.0450278400761,0.9,0.1,55.7,0.0469078146169,0.808325264455,0.106161268679
136,JohnPiper_train09,10,17.645663023,0.0991061567033,0.042576442687,1.0,0.0,19.8,0.117995504422,0.815394171366,0.0190529854137
137,DorothyDay_train49,10,19.6666259766,0.0893146147087,0.0407067664653,1.0,0.0,24.1,0.172939849251,0.876863348576,0.068944008322
138,MehrBaba_train17,10,14.4452061653,0.114829007096,0.0501242632183,1.0,0.0,22.8,0.249205386818,0.811899467128,0.152995640278
139,JohnPiper_test11,10,15.7514619827,0.104636079065,0.0451242456822,1.0,0.0,16.8,0.108591433282,0.830148013921,0.00777237912653
140,WBC_test12,6,11.3624458313,0.0722050472509,0.0789014515064,0.5,0.5,24.5,0.181352293092,0.83719887169,0.142230771241
141,MehrBaba_train01,10,7.64362597466,0.123423083152,0.0540612877142,1.0,0.0,9.0,0.174877344858,0.823355268357,0.0816488086599
142,PastorAnderson_train06,10,69.4556818008,0.0861415219882,0.0482941086891,1.0,0.0,57.0,0.0818251705095,0.797536800498,0.180911583118
143,Unitarian_test03,10,24.5977210999,0.101517136465,0.0500901076805,1.0,0.0,23.2,0.107966728086,0.749929584958,0.119130904564
144,DorothyDay_train24,10,12.8432819843,0.0908793678414,0.0302989726501,1.0,0.0,15.8,0.163737607023,0.855521657833,0.0140305896247
145,DorothyDay_train31,10,12.691642046,0.0896489292778,0.0386916785746,1.0,0.0,17.4,0.187599660233,0.845818792633,0.115587338941
146,DorothyDay_train06,10,10.7436580658,0.0916224155051,0.035670661671,1.0,0.0,14.1,0.158120110044,0.893060580055,0.150104192617
147,DorothyDay_train17,10,18.4527420998,0.0854348151867,0.0381325478399,1.0,0.0,23.3,0.174167304162,0.826759781929,0.0521461459619
148,DorothyDay_train40,10,10.6422441006,0.0867139216652,0.0401174946572,1.0,0.0,13.7,0.193679196059,0.85110044227,0.0029699558245
149,WBC_train26,10,23.7045168877,0.0876117237381,0.0676988457692,0.7,0.3,30.3,0.164659510075,0.811387649821,0.0937753690678
150,WBC_train21,10,18.4036519527,0.0858848265196,0.0694290294648,0.7,0.3,22.7,0.167709949401,0.802158574299,0.0913355344093
151,WBC_test05,10,22.3370358944,0.0882257807176,0.0759052161518,0.6,0.4,29.9,0.177085186731,0.859691520247,0.070892671021
152,PastorAnderson_train10,10,62.3622407913,0.0819716267757,0.0603327492014,0.7,0.3,50.4,0.0792572898099,0.840893472178,0.15311765734
153,MehrBaba_train13,10,12.2651369572,0.104473635953,0.0432524238523,1.0,0.0,21.0,0.309024551482,0.911733784217,0.145115547787
154,JohnPiper_train12,10,16.8976688385,0.0940451955676,0.0589256622508,0.8,0.2,20.5,0.129429723396,0.788698389165,0.0223420018776
155,Shepherd_train04,10,18.4107282162,0.108358784372,0.0441980743192,1.0,0.0,17.5,0.0871571094251,0.742440631075,0.181761443544
156,Shepherd_train33,10,19.7240180969,0.096856583183,0.062434319055,0.9,0.1,14.0,0.0476379942844,0.694512201871,0.134988313201
157,Shepherd_train26,10,18.9832561016,0.0997328448878,0.0501424528105,1.0,0.0,15.1,0.0543780706702,0.708750018848,0.0296713672731
158,DorothyDay_train01,10,15.9229991436,0.0938428084273,0.0358316248126,1.0,0.0,23.3,0.213832092441,0.845683520559,0.0795855371814
159,Unitarian_train12,10,23.3332829475,0.102318683154,0.0383485333426,1.0,0.0,20.5,0.106140092024,0.820282139967,0.0712374844585
160,MehrBaba_test00,10,13.9087498188,0.103329619802,0.0431654960302,1.0,0.0,20.0,0.217589512933,0.878829276046,0.0537054810495
161,Rabbinic_train05,10,12.70561409,0.0857884923497,0.0357816763287,1.0,0.0,20.9,0.29042996456,0.854405151222,0.0897967697866
162,DorothyDay_train52,10,13.9063920975,0.092349963063,0.0384440957811,1.0,0.0,16.8,0.164303522339,0.851383380111,0.0995044904935
163,Shepherd_train47,10,20.4862980843,0.0966103395568,0.0562768132586,1.0,0.0,16.0,0.0580680394241,0.710342321735,0.0440580243409
164,JohnPiper_train05,10,17.0067310333,0.10808153381,0.0520267635748,1.0,0.0,21.4,0.130330855525,0.845893835648,0.121477754806
165,Shepherd_test14,10,18.5271379948,0.107712243289,0.0530749410232,1.0,0.0,19.0,0.0793626829318,0.680519524537,0.0535291822621
166,WBC_test02,10,18.9044849873,0.0894397085688,0.0799290606122,0.6,0.4,29.1,0.200260629702,0.827892078213,0.0740870855982
167,Shepherd_test05,10,20.9116389751,0.0914451076686,0.0487728060491,1.0,0.0,14.1,0.048557728141,0.720997955767,0.012236708841
168,JohnPiper_test01,10,15.5683438778,0.0989983654047,0.0510423458109,1.0,0.0,18.1,0.136537999411,0.850936966128,0.0176306011029
169,DorothyDay_test03,10,11.6388599873,0.0900105996968,0.0441491724964,1.0,0.0,14.4,0.164356562838,0.832561661453,0.132979331406
170,DorothyDay_test12,10,16.844686985,0.0884295298984,0.0385786037883,1.0,0.0,20.0,0.160475639736,0.845951204593,0.255509409326
171,Rabbinic_test01,10,13.2326328754,0.0975147801838,0.0351534373188,1.0,0.0,20.2,0.239661846501,0.860564729839,0.0713243629166
172,NaumanKhan_train01,10,25.2651619911,0.0822690331479,0.0314335745106,1.0,0.0,33.3,0.24453287895,0.764517812432,0.0993112290822
173,Unitarian_train04,10,20.9930820465,0.0870994114947,0.122672660429,0.9,0.1,22.2,0.121941780175,0.678862226107,0.13986733055
174,DorothyDay_train28,10,17.2256371975,0.0895472331787,0.0356161140101,1.0,0.0,21.8,0.186008233871,0.862284744748,0.0992569082422
175,JohnPiper_train30,10,17.197715044,0.0992474558104,0.0463733892788,1.0,0.0,23.5,0.160558444211,0.826657029074,0.154691999149
176,WBC_train10,10,16.9147050381,0.0786202688481,0.0809823423671,0.5,0.5,22.9,0.168365271086,0.825826173639,0.0698108315152
177,JohnPiper_test16,10,16.1454861164,0.0979888266008,0.0535521281915,1.0,0.0,20.0,0.136370672811,0.824883218777,0.0086555479626
178,DorothyDay_test08,10,9.22176098824,0.0875211833035,0.0381849637164,1.0,0.0,11.5,0.171009921671,0.867570346407,0.00571088667704
179,Shepherd_train11,10,20.8795640469,0.0924675713908,0.0626487047062,0.9,0.1,18.8,0.0653441659462,0.721917348068,0.0222814246745
180,JohnPiper_train10,10,17.6566162109,0.105795658161,0.0433735986228,1.0,0.0,19.6,0.11687246725,0.813497148762,0.156354680349
181,Shepherd_train08,10,19.2652869225,0.100925182661,0.0620645872158,1.0,0.0,19.2,0.0882980202444,0.703074479211,0.0352806113885
182,WBC_train29,3,4.8253839016,0.0833285253563,0.0757692021814,0.333333333333,0.666666666667,21.3333333333,0.203752403752,0.881209425524,0.113596924957
183,PastorAnderson_test02,10,70.5095999241,0.0869089966588,0.0580831681951,0.9,0.1,56.6,0.0727989805111,0.812761297391,0.0251706492481
184,DorothyDay_train10,10,9.83346700668,0.0948164958546,0.0329085947192,1.0,0.0,11.3,0.163396444149,0.853892474767,0.0814325448462
185,WBC_train03,10,18.9525258541,0.0812859073257,0.0742743941287,0.7,0.3,25.6,0.167195257646,0.841773987881,0.0410100725436
186,WBC_test10,10,17.0006151199,0.0821973121577,0.069303051093,0.5,0.5,21.7,0.156488795217,0.847650566287,0.0368341989371
187,MehrBaba_train03,10,12.2741200924,0.120835056676,0.0397507239094,1.0,0.0,19.9,0.240093638892,0.840138821182,0.0950860734759
188,PastorAnderson_train00,10,65.4165999889,0.0811497871213,0.0518224681032,1.0,0.0,62.3,0.0899814584073,0.792060123037,0.109632435936
189,Unitarian_test01,10,24.3560810089,0.1008094318,0.043060950285,1.0,0.0,24.2,0.103501723054,0.78724222434,0.0568848114634
190,Shepherd_train03,10,17.2800400257,0.0976551630421,0.0574755713871,0.9,0.1,17.0,0.07286713631,0.696327358962,0.0927745812788
191,DorothyDay_train26,10,11.4343299866,0.0892992939312,0.0342476586211,1.0,0.0,13.6,0.141270760567,0.847223539631,0.0565125515002
192,Shepherd_train38,10,18.6150348186,0.101112194207,0.0498807700208,1.0,0.0,16.3,0.0637021007757,0.729493510259,0.0745403567475
193,DorothyDay_train37,10,13.8694570065,0.0952448616881,0.0413570104813,1.0,0.0,18.1,0.188087303209,0.870674760161,0.122392349801
194,Unitarian_train08,10,24.7871289253,0.103028142054,0.0417796664549,1.0,0.0,22.3,0.08604420082,0.81805257142,0.084237781207
195,Shepherd_train29,10,19.9012861252,0.0944096754216,0.0577906081367,1.0,0.0,14.2,0.0470115864074,0.727932687066,0.0278145298378
196,DorothyDay_train04,10,12.8079018593,0.0884881026927,0.0402789434612,1.0,0.0,17.0,0.202153052825,0.854780475915,0.145977626447
197,MehrBaba_test07,10,13.1936311722,0.114870218264,0.0483721658743,1.0,0.0,20.9,0.254911271739,0.850308310225,0.244067790318
198,DorothyDay_train44,10,14.6214361191,0.087249469631,0.0349782986715,1.0,0.0,17.4,0.173523047404,0.872290036929,0.108752544339
199,DorothyDay_train19,10,9.36521911621,0.091867854807,0.0415720306032,1.0,0.0,9.8,0.142833666925,0.854456713296,0.233802005074
200,JohnPiper_train14,10,17.0462038517,0.0956076596919,0.0508584658223,0.9,0.1,24.6,0.156781356013,0.867686904026,0.0134320509231
201,Rabbinic_train02,10,13.8128461838,0.0963606923634,0.0315033851131,1.0,0.0,22.3,0.275550689556,0.854387584348,0.155291711353
202,Shepherd_test13,10,19.0928161144,0.0957038306241,0.0576706417821,1.0,0.0,17.2,0.0699830050236,0.746777797995,0.0492470793523
203,WBC_test07,10,19.4104027748,0.0808483528734,0.0792291391886,0.3,0.7,24.5,0.169557652768,0.811407715114,0.150003882245
204,JohnPiper_test04,10,16.0675888062,0.099716323033,0.045799921804,1.0,0.0,19.3,0.126477211451,0.831166864042,0.243070825607
205,MehrBaba_train08,10,14.3036751747,0.122999881048,0.0560520990478,1.0,0.0,21.3,0.239811890144,0.84811680371,0.255049658148
206,DorothyDay_test04,10,13.0352210999,0.0885778784993,0.0340612686621,1.0,0.0,17.0,0.205970927478,0.83581872796,0.0807648004997
207,MehrBaba_train11,10,11.0760450363,0.110833821787,0.0515077597964,1.0,0.0,18.5,0.210832699907,0.818765870688,0.0970610785751
208,Unitarian_test08,3,7.50562214851,0.110671952712,0.0312335193685,1.0,0.0,27.3333333333,0.142389301529,0.805179711439,0.0671600294784
209,Shepherd_train31,10,19.2873351574,0.0924854509298,0.0613563439627,1.0,0.0,16.3,0.0704726729585,0.693414293879,0.125476796197
210,Unitarian_train01,10,24.1279509068,0.097427877548,0.0476229898958,1.0,0.0,24.5,0.116210018154,0.82456381315,0.046336928874
211,Shepherd_train20,10,16.9397778511,0.0978996127412,0.0542528114372,1.0,0.0,17.1,0.0907180190984,0.759943261589,0.103135291374
212,Unitarian_train10,10,22.0489180088,0.0961711442589,0.0461956792443,1.0,0.0,23.3,0.11580955169,0.743202279281,0.0331828251034
213,JohnPiper_train29,10,14.426992178,0.104027105674,0.0504071663804,0.8,0.2,16.8,0.123449369679,0.837057485581,0.157069377287
214,Shepherd_train45,10,18.5507659912,0.0992174903902,0.0596135497878,0.9,0.1,18.1,0.0737912379552,0.65212969962,0.0520960219545
215,JohnPiper_train03,10,17.5566830635,0.0964763321023,0.0564683601388,0.9,0.1,22.1,0.143903736595,0.799123230746,0.16081787561
216,Shepherd_test07,10,18.3381111622,0.0962532975632,0.0637486929583,0.9,0.1,17.3,0.0839853414753,0.744265985864,0.0160236477954
217,JohnPiper_test03,10,17.1747949123,0.0946503517878,0.0544473353959,0.9,0.1,20.8,0.13223229806,0.794168670647,0.0980562388217
218,DorothyDay_test10,10,13.6633720398,0.0910178878634,0.0378717410844,1.0,0.0,14.4,0.150886757481,0.836010239694,0.0270926878805
219,Rabbinic_test03,10,13.5561921597,0.0929084243783,0.0333134621454,1.0,0.0,22.0,0.24938007114,0.827585238818,0.101202556806
220,Unitarian_train06,10,22.5283558369,0.0946470038745,0.0481899479777,0.9,0.1,22.8,0.148527084102,0.810368473992,0.248262109229
221,WBC_train24,10,24.5783059597,0.0944658213685,0.0670721133521,0.6,0.4,35.0,0.198009508013,0.826299100674,0.146022043192
222,WBC_train12,10,20.5766739845,0.0881819730185,0.0752506424902,0.6,0.4,30.7,0.200151372272,0.820084821331,0.0567360068589
223,WBC_train06,10,16.7046849728,0.0799930810353,0.0735566043327,0.6,0.4,20.2,0.166606941639,0.800462654006,0.224563500451
224,NaumanKhan_train02,10,25.5988509655,0.0901913053172,0.0330749591615,1.0,0.0,31.6,0.126219214772,0.742141435847,0.0936934164489
225,JohnPiper_test14,10,16.0126008987,0.0968233282561,0.0558533605847,0.9,0.1,21.1,0.143962078885,0.835829755506,0.224346242674
226,JohnPiper_train27,10,15.1316678524,0.0949264106301,0.0520754984985,1.0,0.0,18.4,0.131202688191,0.820295703362,0.0903082805265
227,MehrBaba_train04,10,7.28990292549,0.113463299173,0.0551525226082,0.8,0.2,10.9,0.196187461354,0.820253144647,0.0854490154186
228,NaumanKhan_test00,10,30.2290899754,0.0857343583814,0.0381722568855,0.9,0.1,34.4,0.157736084163,0.749890402168,0.122347703367
229,Shepherd_train13,10,18.6561019421,0.0958595579837,0.0618293441986,0.9,0.1,16.5,0.0620934565187,0.732383942696,0.00883939192424
230,DorothyDay_train21,10,13.3088212013,0.0850965613129,0.0367733602247,1.0,0.0,17.1,0.194105972948,0.88280455725,0.128306470628
231,JohnPiper_train08,10,15.6335668564,0.0921994309591,0.0513071869113,1.0,0.0,19.3,0.127308663471,0.770581299864,0.103743745557
232,JohnPiper_train39,10,17.3822119236,0.0944358685868,0.0535493498982,0.9,0.1,17.0,0.101774410057,0.802337416652,0.225144086491
233,PastorAnderson_test00,10,67.9567961693,0.0875886529009,0.0500703434136,1.0,0.0,67.1,0.086217515688,0.822671592157,0.0459713174591
234,JohnPiper_train40,5,8.86133098602,0.0902436734043,0.0550007962482,1.0,0.0,23.8,0.155432410235,0.823372114982,0.0045544875008
235,WBC_train01,10,22.1439208984,0.0819430573284,0.0720513433028,0.7,0.3,30.6,0.195905525184,0.806269140385,0.154849925154
236,Shepherd_test21,9,17.0204250813,0.0949416275784,0.0554033283325,0.888888888889,0.111111111111,15.8888888889,0.0728326307511,0.76822148676,0.154225218714
237,NaumanKhan_test01,10,25.1028671265,0.0823834067072,0.039055859993,1.0,0.0,27.4,0.134114305,0.836733027379,0.10993372351
238,PastorAnderson_train13,10,66.1422810555,0.0884660999899,0.0526198738883,1.0,0.0,57.2,0.0679102519169,0.777830211871,0.167101327717
239,PastorAnderson_train02,10,72.5952320099,0.0797006162334,0.0435197790797,1.0,0.0,55.0,0.0608369198879,0.818279639078,0.0603061949949
240,Unitarian_test07,10,22.8118839264,0.0974194842688,0.0499119858844,1.0,0.0,22.9,0.113463048155,0.803918903963,0.070501892263
241,Shepherd_train18,10,18.5123410225,0.104721249102,0.0511746659766,1.0,0.0,17.4,0.0753411822592,0.752788934223,0.0705372570823
242,Shepherd_train01,10,19.8236019611,0.0986754080463,0.0592377077877,0.9,0.1,16.3,0.0631997674921,0.713075116506,0.040165975795
243,Shepherd_train36,10,18.782430172,0.0934791111975,0.0645561160584,0.9,0.1,16.7,0.072221439085,0.722889007076,0.0569646158739
244,DorothyDay_train35,10,11.3808128834,0.0873614618098,0.0410388030568,1.0,0.0,12.7,0.146907680996,0.845689079028,0.113680334874
245,DorothyDay_train02,10,9.5350420475,0.0854486351115,0.0431890817165,0.9,0.1,11.6,0.176484371735,0.865265878069,0.119890380648
246,Unitarian_train17,10,20.7870299816,0.105163106431,0.0578229974713,0.9,0.1,22.3,0.10114322899,0.783769512111,0.0364747565274
247,MehrBaba_test05,10,20.4886050224,0.106686953483,0.03994963302,1.0,0.0,31.0,0.247703997636,0.846345187328,0.111110498621
248,DorothyDay_train12,10,11.1282629967,0.0906017651471,0.0362949904515,1.0,0.0,11.1,0.129315787641,0.81083664147,0.164144188309
249,JohnPiper_train16,10,16.7334198952,0.0870909561717,0.0448745900059,1.0,0.0,20.0,0.122249036329,0.860813276949,0.252956727188
250,Rabbinic_train00,10,14.5799639225,0.088041109085,0.0390348319979,1.0,0.0,23.7,0.272038925953,0.866702454062,0.119280774023
251,DorothyDay_train51,10,14.8213729858,0.087400217874,0.0426734851424,1.0,0.0,17.2,0.152503754605,0.841337359824,0.161605845971
252,Shepherd_train48,10,20.4502549171,0.0983453168129,0.0550017666721,0.9,0.1,17.1,0.057767966708,0.745250531663,0.00208454940825
253,Shepherd_test11,10,19.1253829002,0.0960069741757,0.0563530422699,1.0,0.0,18.0,0.069702878171,0.689517457613,0.0461662983334
254,WBC_test01,10,17.4250040054,0.0845409439905,0.0787526947436,0.5,0.5,23.3,0.195573072488,0.80171295757,0.157865647599
255,Shepherd_test00,10,19.5528891087,0.0981846782185,0.0590040986209,1.0,0.0,16.2,0.0637728363527,0.718348480114,0.0528008897873
256,JohnPiper_test06,10,17.1308510303,0.0975685998585,0.0413399920597,1.0,0.0,17.6,0.108375281446,0.876068676876,0.00594659900342
257,PastorAnderson_train14,10,67.3698987961,0.081790418276,0.0585954501536,0.9,0.1,58.6,0.0798748280386,0.773184974989,0.00674282113021
258,DorothyDay_test22,10,12.0465939045,0.0887844261953,0.0348240912885,1.0,0.0,13.9,0.1661676454,0.860734453109,0.0320114968487
259,DorothyDay_test06,10,9.83361697197,0.0913531190679,0.0354971342432,1.0,0.0,12.0,0.160660077824,0.850897908791,0.0950808282232
260,PastorAnderson_train09,10,70.7227749825,0.0836257722879,0.0514835516022,0.8,0.2,62.4,0.0752032563776,0.851001056249,0.0372165666308
261,DorothyDay_train45,10,10.6169419289,0.0892894195201,0.0391216504367,1.0,0.0,12.8,0.168810759919,0.857073686884,0.232595134047
262,DorothyDay_test17,10,12.3219809532,0.0883706672396,0.0409672607858,1.0,0.0,14.3,0.175656339113,0.843324375327,0.0744903692464
263,Rabbinic_train07,10,12.8009650707,0.0988082533967,0.0321134442535,1.0,0.0,21.5,0.278204473681,0.86114139663,0.0135598354428
264,Unitarian_train03,10,28.6827201843,0.102025623771,0.0483567654321,1.0,0.0,27.8,0.114106447053,0.800252960833,0.0678427615335
265,Shepherd_train22,10,21.1278040409,0.0988675617716,0.0560114514057,1.0,0.0,19.0,0.06255693555,0.726112986591,0.123942606252
266,Rabbinic_train09,10,12.208136797,0.0936229337592,0.0390086393899,1.0,0.0,19.0,0.259592593142,0.829950118845,0.0113790977307
267,WBC_train04,10,18.7930860519,0.0843233494829,0.0777372924703,0.4,0.6,24.9,0.189688382549,0.788585347198,0.121076861867
268,Shepherd_train43,10,18.4966111183,0.105178096064,0.0543121653135,1.0,0.0,18.1,0.0907294668362,0.767310988197,0.0963232834554
269,JohnPiper_train01,10,17.6946489811,0.0948437513636,0.0585371095047,0.9,0.1,21.6,0.14257899175,0.760659260539,0.10059296402
270,Shepherd_test18,10,19.3176481724,0.093974773306,0.0566004780485,1.0,0.0,17.6,0.067842007469,0.761374188082,0.0309726298746
271,Shepherd_test09,10,19.9275178909,0.101526986305,0.0530010724647,1.0,0.0,18.5,0.0781711057859,0.709661135758,0.046803423984
272,WBC_train19,10,19.932101965,0.0822824381797,0.076766602234,0.6,0.4,32.1,0.221246008825,0.809876491022,0.160916283053
273,Shepherd_train14,10,20.6302981377,0.0944276241221,0.0605618483976,0.9,0.1,19.8,0.0727091428868,0.66410457434,0.0201263694666
274,Unitarian_train19,3,8.90712499619,0.0977091484292,0.0501891787492,1.0,0.0,26.0,0.101218147383,0.756222663085,0.183543300851
275,DorothyDay_train39,10,13.2771968842,0.0896614373557,0.0376214608104,1.0,0.0,15.1,0.139552126992,0.825902286922,0.123907932654
276,JohnPiper_train34,10,16.2447721958,0.101599974749,0.0571596705567,0.8,0.2,18.6,0.123029500887,0.852473240413,0.218366004645
277,PastorAnderson_test05,10,72.6930608749,0.0843598375564,0.0449887006907,1.0,0.0,64.9,0.077340712631,0.822967453628,0.117986039699
278,WBC_train14,10,18.9792618752,0.0773327129697,0.0744596524398,0.7,0.3,28.0,0.209760387444,0.845857543639,0.131924816202
279,DorothyDay_train48,10,10.8993060589,0.0872935302424,0.0365546398033,1.0,0.0,13.9,0.172740618166,0.870353162506,0.0527117815307
280,JohnPiper_train36,10,18.354487896,0.0875702172493,0.0507689658992,0.9,0.1,24.0,0.14257750732,0.838880025155,0.055431655073
281,JohnPiper_test12,10,16.002464056,0.0906635773978,0.0465086001844,1.0,0.0,19.4,0.122804542334,0.773282472019,0.0874613109918
282,DorothyDay_test19,10,17.4814901352,0.0854293076466,0.0383235220118,1.0,0.0,22.1,0.168979224349,0.862712367176,0.115871280674
283,MehrBaba_train06,10,9.26574707031,0.112712782838,0.0384561627003,1.0,0.0,11.9,0.23261398857,0.829766646152,0.199190326618
284,PastorAnderson_train05,10,63.8253929615,0.0861959617601,0.0453846258302,1.0,0.0,56.2,0.0712556167181,0.794925912896,0.0500951859182
285,DorothyDay_train47,10,12.1986269951,0.0888302051229,0.0359672833837,1.0,0.0,14.5,0.162660260393,0.845092861797,0.0885164973203
286,Unitarian_test02,10,25.4702241421,0.102049652449,0.0438746729787,1.0,0.0,22.6,0.103052826066,0.806954996094,0.161306671464
287,Rabbinic_train01,10,14.7681801319,0.0927578519715,0.0379467079217,1.0,0.0,23.4,0.261619881329,0.852586905411,0.182439389377
288,DorothyDay_train23,10,11.4778189659,0.0844145375083,0.0345937686475,0.9,0.1,13.3,0.156849072777,0.898596027412,0.153927439669
289,DorothyDay_train32,10,16.876376152,0.0894729560862,0.0356896271311,1.0,0.0,17.6,0.144249256484,0.882976114752,0.0726881364419
290,Rabbinic_train11,6,7.5951488018,0.102029371469,0.0353545912791,1.0,0.0,19.8333333333,0.255370288607,0.804877981526,0.0881745097307
291,DorothyDay_train09,10,11.2246279716,0.0883011096879,0.0419191272562,1.0,0.0,14.0,0.168242002678,0.88079252143,0.0856656018488
292,NaumanKhan_train03,10,27.3118679523,0.0879794587637,0.0360751686497,1.0,0.0,33.0,0.16473603237,0.806683168389,0.0638387983313
293,DorothyDay_train14,10,12.5411431789,0.0964312804562,0.0404052649473,1.0,0.0,16.4,0.184884349752,0.842690158201,0.140607657268
294,DorothyDay_train43,10,9.63620400429,0.0950598786578,0.0379624097449,1.0,0.0,13.0,0.198326678742,0.897551534926,0.0547148126226
295,JohnPiper_train18,10,15.7239029408,0.10626410672,0.0537789316148,1.0,0.0,18.4,0.123460061352,0.873903840905,0.0320168788962
296,JohnPiper_test09,10,14.8419201374,0.108116333738,0.0481624644364,1.0,0.0,14.7,0.107780430383,0.837491667552,0.167081135678
297,PastorAnderson_train11,10,67.0075340271,0.0872079335449,0.0505106309846,0.9,0.1,63.7,0.0850761733585,0.764454793649,0.0469220682162
298,MehrBaba_train12,10,10.9779379368,0.11702130304,0.0493094499048,1.0,0.0,19.2,0.273252403854,0.860855272549,0.0482140891588
299,Unitarian_test05,10,26.788536787,0.100587576338,0.0485879042148,1.0,0.0,29.0,0.11181059379,0.777905176256,0.114061507751
300,Shepherd_train07,10,19.1359200478,0.100609581886,0.0517248599786,0.9,0.1,18.2,0.0770929160564,0.742742230767,0.0355856591773
301,Shepherd_train34,10,19.1054110527,0.0970163971468,0.0568529661997,0.9,0.1,16.2,0.0753290930756,0.752309095286,0.159607505234
302,Shepherd_train25,10,19.1185779572,0.0935499674619,0.0631770371329,0.8,0.2,18.8,0.0714446718964,0.742182018122,0.146230513274
303,DorothyDay_train00,10,12.1737420559,0.0886367150839,0.0348876038736,1.0,0.0,15.7,0.188510012743,0.856409098655,0.14088583682
304,Unitarian_train15,10,25.4224710464,0.0998705191394,0.0609853723049,0.9,0.1,26.5,0.104787031493,0.807805104316,0.0138749048052
305,MehrBaba_test03,10,14.7416608334,0.102137328379,0.0482332032514,1.0,0.0,21.8,0.199104985529,0.862701798862,0.125025109723
306,JohnPiper_train24,10,16.3488559723,0.100050610578,0.0537936545918,0.9,0.1,19.0,0.12826605847,0.844084141692,0.0199012404388
307,DorothyDay_train53,10,13.8135068417,0.088986680104,0.035377681445,1.0,0.0,17.1,0.161996550277,0.851929689445,0.115229223085
308,Shepherd_train46,10,18.7800600529,0.097691360433,0.0580333538989,1.0,0.0,16.5,0.0759213473133,0.730108413293,0.0888628207679
309,WBC_train18,10,20.9333720207,0.0807069530274,0.0742053594939,0.8,0.2,32.7,0.214898157292,0.845579874505,0.0992282166025
310,Shepherd_test17,10,19.6568248272,0.0934644674702,0.0682201618529,0.8,0.2,21.1,0.0885612624213,0.72356692097,0.03262671554
311,WBC_train22,10,18.5939719677,0.0836289831362,0.0751032835539,0.6,0.4,26.6,0.222572860535,0.796550089353,0.0808476080436
312,WBC_test03,10,20.4836449623,0.090235224293,0.0715921630064,0.7,0.3,28.9,0.192749819013,0.817294301477,0.286056486002
313,Shepherd_test02,10,19.1616809368,0.0985338839581,0.0548542291906,0.9,0.1,16.3,0.0790739182019,0.749381061389,0.0182929962137
314,JohnPiper_test00,10,16.5189409256,0.0988663549986,0.0498054428192,1.0,0.0,17.9,0.114010123745,0.8278053684,0.0994896243498
315,DorothyDay_test20,10,15.3376309872,0.0924902567813,0.0348372857751,1.0,0.0,19.1,0.149734839813,0.835836733945,0.0733565953454
316,DorothyDay_test00,10,22.3777441978,0.0898167731022,0.0320266358903,1.0,0.0,26.4,0.169315370445,0.805077102118,0.11806815696
317,MehrBaba_train15,10,11.367456913,0.110339647471,0.0400384238973,1.0,0.0,19.1,0.268037725571,0.837252979758,0.214005783992
318,DorothyDay_test15,10,17.8215050697,0.0894497822736,0.0397235882314,1.0,0.0,20.9,0.168402759327,0.862426026108,0.144027890263
319,Rabbinic_test00,10,15.1423509121,0.0981192348724,0.0469357022034,0.9,0.1,23.4,0.26816903558,0.840916797203,0.163742595554
320,JohnPiper_train13,10,16.0225110054,0.102971219801,0.0581485876018,0.9,0.1,18.5,0.115497116629,0.869130399015,0.109421155252
321,JohnPiper_train21,10,17.3750600815,0.0949543981387,0.0621590027929,0.9,0.1,23.5,0.136477104735,0.840283900445,0.123584813195
322,Unitarian_train05,10,29.8519148827,0.106945531303,0.0424244223652,1.0,0.0,28.2,0.0992945466226,0.803433437437,0.172419007246
323,JohnPiper_train33,10,16.7789409161,0.09613580473,0.0397234537763,1.0,0.0,17.3,0.113705866518,0.858871242103,0.156722335249
324,Shepherd_train41,10,18.6401691437,0.104891663093,0.0564122471772,0.9,0.1,15.3,0.0665787910859,0.70614300223,0.0402905606863
325,WBC_train11,10,21.9139459133,0.0867999092721,0.077528803616,0.6,0.4,29.4,0.205725100164,0.819099654461,0.0862345787583
326,PastorAnderson_train08,10,58.8218431473,0.0862879276973,0.0480350604522,0.9,0.1,51.4,0.0761175111741,0.791624022796,0.0712048911325
327,JohnPiper_test17,4,7.39303708076,0.116898785003,0.0632924872758,1.0,0.0,22.0,0.129347513416,0.847307619089,0.0731361647648
328,DorothyDay_test09,10,14.1604468822,0.0880079399534,0.040016932465,1.0,0.0,18.3,0.194237643422,0.857698137878,0.17039972353
329,Shepherd_train16,10,19.268517971,0.100452759243,0.0531522557974,1.0,0.0,16.2,0.0621467106704,0.715819115767,0.0408936733845
330,WBC_train28,10,19.7744870186,0.0884589298442,0.0709623385232,0.7,0.3,29.2,0.199936667268,0.795297112014,0.0924474250388
331,PastorAnderson_test03,10,61.9402110577,0.0810145475126,0.0526363234407,1.0,0.0,55.6,0.0832510205024,0.813664989961,0.181888146886
332,DorothyDay_train11,10,16.0987491608,0.0818945577936,0.0381830464076,1.0,0.0,20.7,0.182291581637,0.859703311567,0.217823577752
333,WBC_train16,10,19.9090139866,0.0793833234448,0.0721610451277,0.4,0.6,27.4,0.187243083518,0.852768816314,0.0621650350203
334,WBC_train02,10,19.0876910686,0.0806102916972,0.0708946719905,0.6,0.4,23.8,0.194993323584,0.814748469058,0.0220814711846
335,JohnPiper_train17,10,17.4872009754,0.0992722385525,0.0467672676023,1.0,0.0,21.9,0.131219501978,0.802473840266,0.170470752449
336,JohnPiper_test10,10,17.2993121147,0.0944857850943,0.0391279519337,1.0,0.0,18.5,0.119454761829,0.806330672789,0.0209268267637
337,WBC_train20,10,19.4671120644,0.0755791557607,0.075008752994,0.6,0.4,25.2,0.192957399206,0.822708150505,0.246695889835
338,MehrBaba_train00,10,16.01262784,0.0993019333789,0.0530169890468,1.0,0.0,24.5,0.228139602438,0.823586708408,0.0283974257335
339,PastorAnderson_train07,10,71.0447750092,0.078061681159,0.0482043334886,1.0,0.0,67.7,0.0755064291209,0.835336831307,0.325681306854
340,Unitarian_test00,10,22.139523983,0.100911225773,0.049312872542,0.9,0.1,24.6,0.127395079288,0.781231682471,0.0882953102843
341,JohnPiper_train11,10,15.9059979916,0.103897629744,0.0452821762432,1.0,0.0,18.0,0.116539662525,0.811078742512,0.0515933985456
342,Shepherd_train02,10,21.3043179512,0.101071905012,0.0558708574019,0.9,0.1,17.0,0.0506372352816,0.673437465319,0.111859863835
343,DorothyDay_train25,10,13.3429141045,0.0918695532252,0.0484442781262,1.0,0.0,15.7,0.145299409131,0.85969327777,0.178910048095
344,Shepherd_train39,10,19.5884559155,0.0967318515085,0.0632078067421,0.9,0.1,16.4,0.0641303771089,0.727730519615,0.0100024724158
345,DorothyDay_train30,10,10.9543719292,0.0905558029753,0.0442056951017,1.0,0.0,13.9,0.18078226108,0.825702711951,0.0214812902415
346,Unitarian_train09,10,21.7119209766,0.10878975144,0.0482390809212,1.0,0.0,22.9,0.117606861752,0.769685110762,0.0146825335798
347,Shepherd_train28,10,19.4075779915,0.0994514134261,0.0631235444344,0.9,0.1,15.4,0.0549383405517,0.717226488039,0.00925779752757
348,DorothyDay_train07,10,12.6498169899,0.0996921542457,0.0435986835275,1.0,0.0,15.5,0.157113623435,0.832884116043,0.104430110468
349,MehrBaba_test06,10,12.1809749603,0.10859652812,0.0447872358777,1.0,0.0,18.6,0.228782280206,0.828959078817,0.18337444078
350,DorothyDay_train16,10,12.23960495,0.0809929882292,0.0312749420462,1.0,0.0,13.4,0.155028753672,0.892166942292,0.218095616053
351,NaumanKhan_train04,10,32.3699789047,0.0806150511852,0.0358120710146,1.0,0.0,33.3,0.139261808279,0.790561968466,0.000758900705379
352,Rabbinic_train03,10,14.2945828438,0.0951114094655,0.0368811332291,1.0,0.0,21.8,0.26754862147,0.854447892043,0.128674135868
353,DorothyDay_train54,1,1.29865288734,0.0910290237467,0.0257255936675,1.0,0.0,11.0,0.132530120482,-0.625779872773,0.126650810555
354,Shepherd_test12,10,18.5315649509,0.0892688654807,0.0578350376682,0.9,0.1,17.3,0.057820244961,0.738172032543,0.0705958889164
355,WBC_test04,10,19.9170129299,0.0774120123997,0.075937536444,0.5,0.5,26.3,0.185471679277,0.828746976713,0.218691752097
356,MehrBaba_train09,10,8.88736486435,0.121836244738,0.0474908032775,1.0,0.0,12.7,0.247059640403,0.861540286537,0.12356620373
357,DorothyDay_test05,10,17.214466095,0.0869102481681,0.0360873051957,1.0,0.0,21.8,0.181244457734,0.843850810201,0.188964749231
358,MehrBaba_train10,10,8.62998795509,0.114749684607,0.0490526280643,1.0,0.0,10.2,0.210435713189,0.867639784746,0.066881190777
