,groupId,files,timeRun,perPos,perNeg,perPosDoc,perNegDoc,judgementCount,judgementFrac,avgSD,avgEVC
0,Shepherd_train05,10,26.63250494,0.0995854428043,0.0594910687081,1.0,0.0,16.2,0.0651362838722,0.74580622605,0.683298225014
1,Shepherd_train32,10,24.8527700901,0.0954337631201,0.0596185853047,1.0,0.0,17.2,0.0726116305485,0.730833550673,0.694552492581
2,Shepherd_train27,10,21.7349669933,0.0952847815127,0.0582537091618,1.0,0.0,13.2,0.0558347778505,0.7241121588,0.579553663813
3,Unitarian_train13,10,34.809005022,0.102973041867,0.0398703973226,1.0,0.0,25.1,0.109175535961,0.822991667374,0.693083717893
4,MehrBaba_test01,10,13.2410068512,0.0991986359803,0.0475866938569,0.9,0.1,12.0,0.169075110358,0.864069561762,0.715375051065
5,JohnPiper_train26,10,17.8262131214,0.0980480685231,0.0446711014257,1.0,0.0,15.7,0.112685279992,0.863494391587,0.772097837405
6,Shepherd_train44,10,23.5293669701,0.101236858277,0.0553582780036,1.0,0.0,14.0,0.0604490209407,0.721437594551,0.786161906786
7,JohnPiper_train04,10,24.9895410538,0.0981652675121,0.0444988733794,1.0,0.0,19.5,0.11717715793,0.874965081428,0.775017691792
8,Shepherd_test15,10,23.8572969437,0.0978861849431,0.0548493825187,1.0,0.0,15.0,0.0556308036533,0.707849575383,0.688805719245
9,Shepherd_test04,10,26.8853898048,0.100778532736,0.0573206977756,1.0,0.0,17.3,0.0654667660331,0.752631695975,0.602465107078
10,JohnPiper_test02,10,22.53850317,0.101751255409,0.0497887062164,0.9,0.1,18.3,0.120785532233,0.854654752363,0.853568880143
11,DorothyDay_test02,10,16.9813270569,0.0770004229429,0.0359995949043,1.0,0.0,15.1,0.157712745545,0.864041873177,0.742760563684
12,DorothyDay_test13,10,18.1998169422,0.0941030357393,0.0385607939453,1.0,0.0,14.0,0.129667936142,0.882546911316,0.771128211646
13,Rabbinic_test02,10,17.2216989994,0.0983764141888,0.0386373634036,1.0,0.0,21.8,0.268005678695,0.883753835081,0.778929031919
14,Unitarian_train07,10,37.183205843,0.100329774511,0.0541847035592,1.0,0.0,26.8,0.111076391248,0.782890309632,0.731685378568
15,DorothyDay_train29,10,21.8229780197,0.0853188532333,0.0356017575598,1.0,0.0,20.3,0.179134814888,0.882349553553,0.821403371215
16,JohnPiper_train31,10,19.7870941162,0.0978417411352,0.0423307004001,1.0,0.0,17.0,0.117199280777,0.862709820419,0.838725485038
17,WBC_train13,10,24.0316689014,0.0838908517718,0.0635798999465,0.7,0.3,22.9,0.193348256328,0.843527000553,0.78239556456
18,JohnPiper_test15,10,20.451846838,0.10004328589,0.0507665921263,1.0,0.0,19.6,0.141244310429,0.859721851656,0.798484465215
19,MehrBaba_train05,10,15.5183830261,0.105346367112,0.0499607498665,1.0,0.0,18.9,0.262535096024,0.865883552838,0.842217665497
20,Shepherd_train10,10,28.5813901424,0.0991527389452,0.0550251493773,1.0,0.0,17.8,0.0637293751306,0.716499208662,0.749452641047
21,Shepherd_train09,10,23.9782569408,0.102777229625,0.0529226842243,1.0,0.0,19.3,0.0880485633196,0.727324098517,0.810147891811
22,DorothyDay_train20,10,21.5414278507,0.0871281761054,0.0382201023297,1.0,0.0,19.4,0.184149845725,0.87377079093,0.759276232263
23,JohnPiper_train38,10,18.626871109,0.104441153799,0.0499037291044,1.0,0.0,20.6,0.142554906595,0.881338651762,0.800247098781
24,PastorAnderson_test01,10,86.4711790085,0.0878906468441,0.0425543191829,1.0,0.0,57.4,0.0616133127112,0.850337174842,0.807470367612
25,DorothyDay_train13,10,17.5807719231,0.0876731578345,0.0452553098233,1.0,0.0,16.4,0.162062900404,0.881340005049,0.7910642744
26,WBC_train00,10,32.519659996,0.0858695059491,0.0751855271442,0.6,0.4,32.0,0.179725974794,0.841968314377,0.83705926802
27,DorothyDay_train41,10,14.4560790062,0.0875303485338,0.0361551574984,1.0,0.0,13.1,0.175026230945,0.877677224444,0.745305996075
28,WBC_test11,10,28.0364968777,0.0797646682332,0.0732367425834,0.6,0.4,29.4,0.194976471624,0.859155756301,0.821000037043
29,WBC_test09,10,26.4165349007,0.0783273182418,0.0707394279709,0.8,0.2,27.7,0.197351038383,0.84178294194,0.81907141488
30,Rabbinic_train04,10,18.4255158901,0.0991810922289,0.032448807078,1.0,0.0,22.3,0.282197133047,0.86085404209,0.783198985083
31,MehrBaba_train02,10,22.2080628872,0.111466527148,0.0510129321654,1.0,0.0,23.1,0.216813501265,0.852282283684,0.770860934882
32,NaumanKhan_test01,10,44.5292789936,0.0796918833222,0.0316657616477,1.0,0.0,35.5,0.132777688087,0.800560312071,0.635809913206
33,PastorAnderson_train01,10,85.8520450592,0.0782948852468,0.0479073973763,1.0,0.0,62.5,0.0845781247636,0.865382416183,0.857148385407
34,Unitarian_test06,10,31.8980231285,0.101521478999,0.0404803203814,1.0,0.0,23.1,0.128997697486,0.787986677781,0.808463390232
35,Shepherd_train19,10,25.862443924,0.0976760555336,0.0519306485268,1.0,0.0,18.4,0.0678866680506,0.77463620971,0.661547598429
36,Shepherd_train00,10,25.0126650333,0.1026044155,0.0636119855873,0.9,0.1,14.1,0.0560822130331,0.698286062853,0.687091922664
37,DorothyDay_train27,10,14.209952116,0.0814727572692,0.0456087775421,1.0,0.0,13.4,0.166542805742,0.846308702215,0.753013025141
38,Shepherd_train37,10,25.8943889141,0.0973426601681,0.0568197315136,1.0,0.0,19.6,0.0731427121212,0.740407858256,0.778443371593
39,DorothyDay_train36,10,22.8632590771,0.0872560574226,0.0363878474647,1.0,0.0,19.9,0.165342756138,0.879187030364,0.826569435111
40,DorothyDay_train05,10,20.7563140392,0.0834000846334,0.0354494410044,1.0,0.0,18.9,0.166605819431,0.901482649772,0.927279699006
41,Unitarian_train16,10,31.1966979504,0.100294834634,0.0558630692872,1.0,0.0,22.6,0.0999761025748,0.837094479845,0.718585375733
42,MehrBaba_test04,10,20.1625649929,0.104939440168,0.0435941375757,1.0,0.0,21.4,0.233162802472,0.842329214746,0.644109015769
43,DorothyDay_train18,10,16.7402279377,0.0894598699118,0.0428645142643,1.0,0.0,12.8,0.149315926783,0.874224043165,0.763866007069
44,JohnPiper_train15,10,20.2683289051,0.103778278167,0.0464193327113,0.9,0.1,18.5,0.132835771018,0.846323765758,0.773221286984
45,JohnPiper_train23,10,21.0317001343,0.101025574702,0.0569169304511,0.9,0.1,20.2,0.131026293736,0.873154480133,0.773458713549
46,Shepherd_test10,10,27.7876219749,0.0991811538893,0.0628628690431,0.9,0.1,16.3,0.051561045921,0.736758857176,0.7931473123
47,WBC_test06,10,28.3367500305,0.0859040833516,0.0799538123316,0.6,0.4,28.5,0.19124151843,0.886255193644,0.807652910872
48,Shepherd_test01,10,25.2990221977,0.0972439406079,0.0600319984129,1.0,0.0,18.2,0.06636320871,0.732592261729,0.720372163158
49,JohnPiper_test05,10,20.9122149944,0.0987950912382,0.0533651326863,1.0,0.0,21.2,0.140856468911,0.862221016985,0.731428952814
50,PastorAnderson_train15,9,80.1162478924,0.0890682734718,0.0455201374006,1.0,0.0,67.7777777778,0.0797715319658,0.847850586912,0.717393096837
51,DorothyDay_test23,3,10.4442920685,0.0921902583224,0.0424244006195,1.0,0.0,30.3333333333,0.158859580915,0.874401278821,0.853634596744
52,DorothyDay_test07,10,15.1019508839,0.0943629023112,0.0396337679755,1.0,0.0,14.1,0.186097105851,0.893905880009,0.819677744982
53,MehrBaba_train16,10,13.3626241684,0.12615455033,0.0490759869619,1.0,0.0,14.1,0.242458400737,0.877776406632,0.834999705614
54,DorothyDay_test16,10,16.9782669544,0.093696582335,0.0409402763249,1.0,0.0,14.8,0.169455033387,0.882689808154,0.80388177979
55,Shepherd_train30,10,27.8892519474,0.104656383521,0.056459605058,1.0,0.0,18.4,0.0606201242448,0.710350823496,0.76862345936
56,Unitarian_train00,10,32.0456960201,0.0919866514835,0.0673022532986,0.9,0.1,20.2,0.0857874825043,0.779349187962,0.767724879475
57,Shepherd_train21,10,27.0198318958,0.101283769514,0.0585661732244,0.9,0.1,16.3,0.0482729055355,0.735652938034,0.670129746481
58,Unitarian_train11,10,40.3196489811,0.102244170242,0.0429835652122,1.0,0.0,31.6,0.135637965339,0.855065639114,0.744268765693
59,JohnPiper_train28,10,18.3021230698,0.0960965737559,0.0532858291681,0.8,0.2,18.9,0.131233451337,0.824437775295,0.760516351165
60,WBC_train27,10,25.297221899,0.0754083611194,0.0796302285771,0.5,0.5,25.2,0.179581105781,0.876985268136,0.797323507235
61,Shepherd_train42,10,26.6007618904,0.093811794348,0.0614788007979,1.0,0.0,15.4,0.047071932154,0.762554744696,0.73938708335
62,JohnPiper_train02,10,19.9096059799,0.110086414284,0.0449674304254,1.0,0.0,17.5,0.120048813176,0.881751802188,0.781532930767
63,Shepherd_test06,10,24.5644929409,0.095293080736,0.0668181125422,0.7,0.3,17.7,0.074286048107,0.703449298911,0.696043027459
64,NaumanKhan_train05,8,19.4389739037,0.0852400880301,0.0395051984,0.875,0.125,25.5,0.22823058536,0.836250860559,0.621892878018
65,DorothyDay_test11,10,14.6306040287,0.0892755401137,0.0339270856788,1.0,0.0,14.3,0.199751708302,0.852672645409,0.864531517388
66,Rabbinic_test04,10,17.0267469883,0.0968257482986,0.0359747026613,1.0,0.0,20.5,0.269338852027,0.858046585741,0.746693859712
67,Rabbinic_train06,10,16.6839129925,0.0936385780203,0.0354995519407,1.0,0.0,21.9,0.289821189982,0.885470447028,0.787248945311
68,Shepherd_train15,10,23.535667181,0.0917148482827,0.0587842364639,0.9,0.1,17.4,0.0760144075932,0.735536321084,0.796491013496
69,Unitarian_train18,10,27.2301011086,0.0972613079196,0.0515231812291,0.9,0.1,19.2,0.0951986665007,0.891608156101,0.599859899445
70,JohnPiper_train09,10,19.3994710445,0.0977189857739,0.0508795816965,1.0,0.0,17.7,0.131952011664,0.864754019637,0.807779871683
71,WBC_train25,10,30.5553059578,0.0839727755192,0.082159674883,0.5,0.5,33.3,0.189946632154,0.84429129319,0.746987466823
72,WBC_train05,10,25.8235518932,0.0822741416887,0.0860137306357,0.4,0.6,27.5,0.189779322441,0.8737076662,0.845078901758
73,PastorAnderson_test06,9,80.1706027985,0.0850004670138,0.0561606353813,0.888888888889,0.111111111111,62.5555555556,0.0876292410127,0.85706328355,0.738686354526
74,WBC_train15,10,30.0055608749,0.0798625319044,0.0839817967259,0.4,0.6,33.9,0.20208208107,0.881150513962,0.916483826205
75,JohnPiper_train19,10,19.6596720219,0.100908151044,0.0417634045568,1.0,0.0,19.4,0.150749666085,0.856661241614,0.834364558688
76,JohnPiper_test13,10,18.3341431618,0.106485013704,0.0449827745243,1.0,0.0,19.1,0.146963163662,0.892417151925,0.854607988217
77,WBC_train18,10,28.8944399357,0.0823002188474,0.0760122700453,0.5,0.5,30.4,0.203667213469,0.853780654886,0.847684413077
78,DorothyDay_test18,10,16.4795029163,0.0831475132168,0.0388787548699,1.0,0.0,16.9,0.197695296582,0.865448647457,0.736104321412
79,MehrBaba_train07,10,16.4718859196,0.119883895897,0.043547257049,1.0,0.0,16.9,0.229478263212,0.840879484526,0.758827977519
80,PastorAnderson_train04,10,92.6767129898,0.0798862430548,0.0454357145384,0.9,0.1,61.6,0.086744475192,0.839412534705,0.926683352694
81,Shepherd_train12,10,25.5996642113,0.0997504703946,0.0511178151789,1.0,0.0,14.2,0.0534547631839,0.701435194431,0.777240292545
82,DorothyDay_train22,10,16.4727489948,0.0887551719497,0.0368799857516,1.0,0.0,15.3,0.190697224933,0.864632628423,0.84313188694
83,DorothyDay_train33,10,17.4204978943,0.0895401885443,0.0457243778532,0.9,0.1,17.7,0.188697267787,0.879677086274,0.836079424441
84,Rabbinic_train10,10,19.7693061829,0.0967861095564,0.0337194168401,1.0,0.0,23.9,0.274182977495,0.849555542567,0.641716863117
85,DorothyDay_train08,10,20.3153879642,0.0920827855098,0.0386498398349,1.0,0.0,19.7,0.165389828329,0.905731666555,0.802758130013
86,DorothyDay_train15,10,23.3993170261,0.0995179595785,0.0461445517588,1.0,0.0,21.2,0.168870370001,0.882945271699,0.903177926611
87,DorothyDay_train42,10,20.1395390034,0.0882465674942,0.0351143374053,1.0,0.0,17.9,0.17487109888,0.868221084597,0.711140580119
88,JohnPiper_train37,10,22.3215801716,0.0978154342458,0.0494435608048,1.0,0.0,21.7,0.144914224132,0.867022756844,0.61661990265
89,Shepherd_test20,10,25.0027139187,0.100789813694,0.0526401073086,1.0,0.0,15.9,0.0630105093493,0.73426757288,0.600123027835
90,NaumanKhan_test02,6,26.9007251263,0.0796339423227,0.0344662109281,1.0,0.0,35.3333333333,0.140199385365,0.800872104364,0.520475895659
91,JohnPiper_test08,10,22.9896028042,0.0917274453062,0.0530803686118,0.8,0.2,19.8,0.129573042984,0.882329972045,0.723272218968
92,PastorAnderson_train12,10,90.4016208649,0.0845383694021,0.0620115465291,0.9,0.1,62.8,0.0804939973122,0.838290978691,0.809689227607
93,PastorAnderson_train03,10,65.5668399334,0.0823410343237,0.0409579278625,1.0,0.0,47.9,0.0638958920511,0.819009346105,0.808856377604
94,WBC_train08,10,31.7614572048,0.0892574217963,0.0798551620537,0.7,0.3,35.8,0.186931475773,0.867778739945,0.729955590715
95,Unitarian_test04,10,31.6875190735,0.097824857333,0.0507207303084,1.0,0.0,22.6,0.105922162243,0.849613125244,0.542104529636
96,JohnPiper_train22,10,21.166836977,0.0939507200368,0.0470689293311,1.0,0.0,21.8,0.14538315794,0.8443910121,0.792062300334
97,Shepherd_train06,10,26.9234120846,0.0993096723839,0.0482968236375,1.0,0.0,18.0,0.0742447647001,0.686899147898,0.740980323713
98,Shepherd_train35,10,27.3258049488,0.100407344433,0.0547348571063,1.0,0.0,17.2,0.0755720645834,0.737757608765,0.753340391911
99,DorothyDay_train34,10,17.4169070721,0.0900154006652,0.0380196969955,1.0,0.0,16.1,0.182109594387,0.85545723644,0.766836927371
100,Shepherd_train24,10,25.2298018932,0.0909476153818,0.0560316479187,0.9,0.1,15.3,0.0600063659812,0.772262338927,0.712529276134
101,DorothyDay_train03,10,24.1347460747,0.093237732347,0.0402540351224,1.0,0.0,21.6,0.165167225496,0.90601621861,0.796871963127
102,Unitarian_train14,10,32.8287689686,0.0973430013625,0.0481920096154,1.0,0.0,24.8,0.131357759911,0.808055692066,0.714020854919
103,MehrBaba_test02,10,15.3974061012,0.11406277547,0.0410674191432,1.0,0.0,15.6,0.232355633999,0.863291978549,0.797151420333
104,NaumanKhan_train00,10,40.9146130085,0.0840702671577,0.0344507910005,1.0,0.0,35.5,0.143825944783,0.823876289055,0.582735984262
105,JohnPiper_train25,10,21.9355649948,0.108425095576,0.0520337728308,1.0,0.0,20.7,0.134629390939,0.846008158599,0.817737037703
106,Shepherd_train50,9,24.2956058979,0.0982771632206,0.0658234736885,0.777777777778,0.222222222222,19.2222222222,0.0876298575726,0.709505924991,0.70625761251
107,WBC_train07,10,26.4024169445,0.0852670956627,0.0714528277542,0.6,0.4,26.0,0.183191459995,0.850436725536,0.757453013722
108,DorothyDay_train50,10,24.4474129677,0.0934285392845,0.0415785662598,1.0,0.0,22.3,0.158518561209,0.864232428799,0.826705887808
109,Shepherd_train49,10,25.3308539391,0.0972807679887,0.0537780320484,1.0,0.0,15.8,0.0680958154641,0.762908850754,0.676534337008
110,JohnPiper_train07,10,23.9934971333,0.0985187954403,0.0454246170671,1.0,0.0,19.6,0.110907614877,0.877670913951,0.761955158665
111,Shepherd_test16,10,24.9610199928,0.0970933532382,0.053362127728,1.0,0.0,15.4,0.0750716912497,0.749358731671,0.809131036644
112,WBC_test00,10,29.2889499664,0.0849157570068,0.0772306465853,0.6,0.4,31.2,0.176851491894,0.855895355129,0.694448716572
113,Shepherd_test03,10,24.7419850826,0.100153421529,0.056267411216,0.9,0.1,18.6,0.0901743900043,0.699142040775,0.782173401127
114,JohnPiper_test07,10,22.7297260761,0.0919604697943,0.0546228407427,1.0,0.0,19.2,0.116547349249,0.872724067498,0.691291956046
115,DorothyDay_test21,10,17.8631989956,0.0927480810668,0.0354451893037,1.0,0.0,15.2,0.146909785843,0.851822011752,0.747490106203
116,DorothyDay_test01,10,17.707046032,0.0856802564942,0.0337556987642,1.0,0.0,16.3,0.175579514428,0.856843174574,0.912593067958
117,MehrBaba_train14,10,11.3728761673,0.119518846907,0.0443730161425,1.0,0.0,16.6,0.263550332737,0.863855148915,0.721150583222
118,DorothyDay_test14,10,16.1686339378,0.0907908735934,0.0391115025248,1.0,0.0,12.2,0.134253224825,0.849348786878,0.785982144329
119,JohnPiper_train17,10,18.2425141335,0.0955181656867,0.0464861080325,1.0,0.0,15.8,0.101500258613,0.920156134119,0.89465333128
120,MehrBaba_train18,5,6.77832913399,0.111059712421,0.0548781747654,1.0,0.0,12.0,0.215852710039,0.90125468062,0.822953689783
121,Unitarian_train02,10,33.2171149254,0.102448535065,0.0532030131887,1.0,0.0,26.8,0.120612407585,0.767478708255,0.665182181283
122,Shepherd_train23,10,24.9294300079,0.096238228439,0.0638962226018,0.9,0.1,13.4,0.0544745074322,0.707988763292,0.578123996304
123,Rabbinic_train08,10,16.8880898952,0.0932076496696,0.0325245141401,1.0,0.0,21.4,0.285714781562,0.862453087678,0.843175675113
124,JohnPiper_train32,10,20.8271839619,0.0958291799298,0.0551171493824,0.9,0.1,19.6,0.128910894565,0.859156089488,0.799058693374
125,Shepherd_train40,10,22.6480090618,0.0997119086252,0.06000212967,1.0,0.0,14.6,0.0653528698709,0.778206138173,0.7360837162
126,JohnPiper_train00,10,20.8251030445,0.104711126663,0.0569929098276,1.0,0.0,19.2,0.126564121056,0.862710531475,0.801591627681
127,Shepherd_test19,10,24.3488991261,0.0911965494736,0.0617854789025,0.9,0.1,16.1,0.0610368431117,0.729089542245,0.704900079695
128,WBC_train23,10,25.5951631069,0.0857936191793,0.0789589116123,0.5,0.5,29.0,0.216662836685,0.8456765955,0.854455089492
129,Shepherd_test08,10,25.4370150566,0.100981575279,0.0564728208522,1.0,0.0,14.9,0.0472390553718,0.798540033858,0.783186980332
130,JohnPiper_train14,10,22.0239601135,0.0938083195671,0.0607059179745,0.9,0.1,21.2,0.137652541371,0.90296168216,0.682508208974
131,Rabbinic_train02,10,18.3339660168,0.0927245061757,0.041314150433,1.0,0.0,22.2,0.264991785096,0.881205917276,0.758556559185
132,Shepherd_train17,10,26.3386580944,0.102675682838,0.0614737448328,1.0,0.0,21.2,0.0682876232205,0.732313124452,0.856189519887
133,DorothyDay_train38,10,14.6887750626,0.0896905173493,0.0359969214621,1.0,0.0,12.8,0.149033358195,0.876451119526,0.874410443425
134,JohnPiper_train35,10,22.2232060432,0.105277349162,0.051171504292,0.9,0.1,22.9,0.139982260462,0.89241803668,0.802482474605
135,PastorAnderson_test04,10,95.1015629768,0.0857684607781,0.0480930731772,1.0,0.0,60.9,0.0659440985445,0.840758964533,0.722821960642
136,WBC_train17,10,25.084980011,0.0861442815832,0.0758658440763,0.7,0.3,27.5,0.189748264668,0.844249350276,0.701838313383
137,DorothyDay_train49,10,12.8360819817,0.090579189297,0.0438644450183,1.0,0.0,12.1,0.163557358078,0.872497122964,0.786146317632
138,MehrBaba_train17,10,16.880877018,0.108575420113,0.0526122087895,1.0,0.0,21.4,0.242043738523,0.902896255549,0.900247772408
139,JohnPiper_test11,10,20.6674580574,0.0970947228637,0.0470368347164,1.0,0.0,19.2,0.128245725406,0.848112426975,0.689369043613
140,WBC_test12,6,14.1138210297,0.0786370311415,0.0778993020512,0.333333333333,0.666666666667,26.5,0.206562418567,0.8962207959,0.917892655973
141,MehrBaba_train01,10,12.4480009079,0.0992347553824,0.056746919621,1.0,0.0,9.3,0.141363943465,0.854268555258,0.765212986987
142,PastorAnderson_train06,10,86.9571421146,0.0880535942134,0.0386515529147,1.0,0.0,64.5,0.0708536325726,0.829760273947,0.76601480137
143,WBC_train09,10,23.4122231007,0.0848054186121,0.0678018404096,0.6,0.4,25.7,0.194546370008,0.831546229742,0.83904033499
144,Unitarian_test03,10,32.4389181137,0.102787593702,0.0445836559195,1.0,0.0,26.0,0.108901244858,0.795134039198,0.744108234191
145,DorothyDay_train24,10,15.1469380856,0.0922850483073,0.0408058284207,1.0,0.0,13.0,0.153273360059,0.875742701544,0.746012726961
146,DorothyDay_train31,10,15.7284269333,0.0885793840608,0.0365456159888,1.0,0.0,15.8,0.18934495878,0.884081331126,0.828411909515
147,DorothyDay_train06,10,14.6654720306,0.0856552528572,0.0422738477513,1.0,0.0,12.4,0.147155484683,0.87713279567,0.828779611532
148,DorothyDay_train17,10,26.2512741089,0.0873171615172,0.0356772418782,1.0,0.0,24.0,0.169940473777,0.869398593247,0.836758817432
149,DorothyDay_train40,10,19.2864730358,0.0950437234551,0.0404998587761,0.9,0.1,18.2,0.177577286705,0.867243209462,0.775968271466
150,WBC_train26,10,31.1745460033,0.0808334506996,0.0827584842218,0.4,0.6,31.7,0.168496373737,0.890358768965,0.738925415002
151,WBC_train21,10,30.6068360806,0.0809296614076,0.0787693444874,0.5,0.5,31.7,0.195958738328,0.861006497243,0.776575801219
152,WBC_test05,10,29.3334219456,0.0833580279067,0.0738915280612,0.7,0.3,30.8,0.178706270975,0.879791202932,0.900386127382
153,PastorAnderson_train10,10,91.0658738613,0.0878719266081,0.0561872411019,0.9,0.1,61.1,0.0755518579795,0.835183415206,0.716116847184
154,MehrBaba_train13,10,18.6660778522,0.113893588671,0.0397866333297,1.0,0.0,19.5,0.196294097747,0.84557791721,0.81715280623
155,JohnPiper_train12,10,19.4369461536,0.102139461923,0.0559584573824,1.0,0.0,16.2,0.102585084029,0.862526010033,0.88082208274
156,Shepherd_train04,10,23.3310320377,0.0996343957315,0.0545261695749,1.0,0.0,15.9,0.0743297651118,0.736896306502,0.737597388831
157,Shepherd_train33,10,23.0554099083,0.103472403226,0.046306720852,1.0,0.0,17.8,0.0738040531277,0.735325582803,0.741379095653
158,Shepherd_train26,10,23.7249519825,0.0951353749148,0.0606713000118,1.0,0.0,14.1,0.0544147120937,0.691786507733,0.597737422484
159,DorothyDay_train01,10,16.1036410332,0.0884840938463,0.038478372037,1.0,0.0,13.8,0.152759171149,0.86702383178,0.766044829085
160,Unitarian_train12,10,35.0021669865,0.102224632898,0.0420394883907,1.0,0.0,27.4,0.110310064388,0.849882288672,0.673328724748
161,MehrBaba_test00,10,17.045899868,0.115066043882,0.0521283809287,0.9,0.1,20.5,0.230675138566,0.874814884822,0.771209338549
162,Rabbinic_train05,10,22.1207439899,0.0937329485163,0.0385583342303,1.0,0.0,27.1,0.266417521388,0.891107093349,0.824290202007
163,DorothyDay_train52,10,18.1514818668,0.0790121776805,0.037024440521,1.0,0.0,17.9,0.19216735555,0.89061795499,0.776831468174
164,Shepherd_train47,10,26.1056849957,0.0972519955812,0.0533983590322,1.0,0.0,17.8,0.0782673876832,0.740686584689,0.685707707168
165,JohnPiper_train05,10,20.0331599712,0.0957071339972,0.0542523138939,0.9,0.1,18.0,0.124210191436,0.841916550256,0.841319198823
166,Shepherd_test14,10,24.7219729424,0.0850106762623,0.0655841379289,0.9,0.1,17.8,0.0642456802324,0.76301857685,0.718859748891
167,WBC_test02,10,25.6517620087,0.0953919359498,0.0720753150551,0.7,0.3,28.3,0.185845792201,0.836914393822,0.759920332348
168,Shepherd_test05,10,22.2962651253,0.0953532818248,0.0674068117409,0.8,0.2,18.6,0.0934503308215,0.742082444147,0.622649060283
169,JohnPiper_test01,10,19.4914088249,0.105683421926,0.0509701500203,1.0,0.0,22.6,0.161192193554,0.867938399422,0.725353046795
170,DorothyDay_test03,10,19.0770769119,0.0946105319993,0.0381263461711,1.0,0.0,15.7,0.133110800177,0.848189781907,0.771165687942
171,DorothyDay_test12,10,18.0689620972,0.0881600926765,0.0362779239659,1.0,0.0,13.9,0.13555647307,0.877084019665,0.751938199623
172,Rabbinic_test01,10,15.6970129013,0.0922552121189,0.0381403799713,1.0,0.0,17.0,0.247938954553,0.869413520767,0.747635184354
173,NaumanKhan_train01,10,45.1501460075,0.0827328812144,0.0368134933226,1.0,0.0,43.4,0.111841167176,0.813230320056,0.76907970446
174,Unitarian_train04,10,36.2005331516,0.103562359573,0.0376200127239,1.0,0.0,25.0,0.119153884754,0.830487300691,0.741468122126
175,DorothyDay_train28,10,14.3177890778,0.104204176547,0.0404777413542,1.0,0.0,15.0,0.187263990031,0.898633593449,0.7812627872
176,JohnPiper_train30,10,21.2234089375,0.0967640809316,0.0573742762312,1.0,0.0,19.4,0.108490094838,0.768607445173,0.724638636408
177,WBC_train10,10,27.5132229328,0.0860487441605,0.073022331117,0.7,0.3,29.2,0.178893672201,0.887321671134,0.903614369474
178,JohnPiper_test16,10,21.9032511711,0.0936411821264,0.0581249081103,1.0,0.0,22.7,0.130826567145,0.842416383238,0.734388010925
179,DorothyDay_test08,10,16.52125597,0.0879513041513,0.0401288005533,1.0,0.0,15.9,0.203884496056,0.855794287394,0.730906694215
180,Shepherd_train11,10,27.6732008457,0.0949667399066,0.0568402639767,0.9,0.1,19.7,0.0675841985975,0.723826715073,0.631031290893
181,JohnPiper_train10,10,20.4655890465,0.102960351472,0.0481860823988,1.0,0.0,18.5,0.123533797835,0.823247480331,0.482991002755
182,Shepherd_train08,10,23.5751700401,0.106039298487,0.0554602175648,0.9,0.1,18.6,0.0828617153234,0.745924168307,0.752238555693
183,WBC_train29,3,8.3412129879,0.0904074527452,0.061609740009,1.0,0.0,36.0,0.307339364576,0.846137350335,0.797442021515
184,PastorAnderson_test02,10,86.7791309357,0.0860551119004,0.0483985425833,1.0,0.0,57.6,0.0601872949836,0.846392580779,0.704370244745
185,DorothyDay_train10,10,14.2155389786,0.0855557616464,0.0346417264177,1.0,0.0,11.9,0.151920430558,0.884093372204,0.743470368072
186,WBC_train03,10,24.1944289207,0.0718345839536,0.072474477012,0.5,0.5,23.9,0.181403404303,0.869274559768,0.811386072032
187,WBC_test10,10,21.642108202,0.0799672829781,0.0735957130785,0.6,0.4,20.7,0.145767297323,0.864230339418,0.773936333265
188,MehrBaba_train03,10,16.5701620579,0.1115451361,0.0417574573867,1.0,0.0,22.2,0.283541709965,0.878924684331,0.746258865698
189,PastorAnderson_train00,10,67.3652799129,0.0866121878509,0.0515352586962,1.0,0.0,53.5,0.0918399816884,0.842953727155,0.780625396391
190,Unitarian_test01,10,36.8777508736,0.0984722022398,0.048557156594,1.0,0.0,27.5,0.104987170407,0.812644274641,0.688176079937
191,Shepherd_train03,10,24.9399468899,0.0963512631912,0.0571030178535,1.0,0.0,16.8,0.0580108826675,0.72718985268,0.699526834347
192,DorothyDay_train26,10,19.9418489933,0.0859557570353,0.0332692048317,1.0,0.0,18.4,0.178784751867,0.890958462482,0.801787128567
193,Shepherd_train38,10,23.3513510227,0.102564183243,0.0538400541755,1.0,0.0,16.5,0.0758072418839,0.756089593741,0.684833149379
194,DorothyDay_train37,10,13.7060759068,0.0944236859526,0.0397111199024,1.0,0.0,12.6,0.152239105117,0.895029406307,0.772784569679
195,Unitarian_train08,10,27.9639799595,0.107936322849,0.0402628338039,1.0,0.0,21.9,0.122387495282,0.831348951118,0.749356015184
196,Shepherd_train29,10,26.3785429001,0.0991173973245,0.0509161646739,1.0,0.0,15.7,0.0489354991598,0.73793397921,0.625027601168
197,DorothyDay_train04,10,16.8900430202,0.092463767354,0.042054987552,1.0,0.0,15.2,0.145184510873,0.867103764975,0.831982028151
198,MehrBaba_test07,10,11.8167738914,0.124844312165,0.0399914958364,1.0,0.0,15.8,0.272076850095,0.882389060863,0.870774923539
199,DorothyDay_train44,10,17.8774559498,0.0893289893282,0.0411467031079,1.0,0.0,16.2,0.170632821747,0.871844395141,0.729853859965
200,DorothyDay_train19,10,18.69789505,0.0895495006119,0.0402831586925,1.0,0.0,19.3,0.177000268243,0.885894067785,0.794998935233
201,DorothyDay_train46,10,12.448887825,0.084117043848,0.0469249125414,0.9,0.1,10.2,0.140141373964,0.858537637985,0.690570379995
202,JohnPiper_train20,10,23.0925180912,0.104482704335,0.0524786714307,0.9,0.1,25.3,0.158207439272,0.882602570299,0.735273681132
203,Shepherd_test13,10,24.2376451492,0.0925621919853,0.0563703042438,1.0,0.0,17.1,0.0756152709735,0.735003598493,0.689392681239
204,WBC_test07,10,22.7103948593,0.0793535326308,0.0675954830112,0.7,0.3,24.4,0.196738923068,0.833016287133,0.738719908877
205,JohnPiper_test04,10,21.8073909283,0.0900495244153,0.0435762964658,1.0,0.0,20.8,0.145067452818,0.854509716586,0.793446611153
206,MehrBaba_train08,10,15.7256131172,0.1043413334,0.0445134708135,0.9,0.1,19.6,0.23150716242,0.847624005597,0.834012157499
207,DorothyDay_test04,10,19.3792359829,0.101159993817,0.0316737579918,1.0,0.0,19.3,0.191398347135,0.875317345332,0.793868875705
208,MehrBaba_train11,10,15.0655579567,0.10399427944,0.0337093703079,1.0,0.0,19.0,0.22484124006,0.84944763063,0.728995958933
209,Unitarian_test08,3,10.0338261127,0.0935455141134,0.0475955259853,1.0,0.0,26.3333333333,0.109442363443,0.779236781772,0.668834740491
210,Shepherd_train31,10,21.9257900715,0.095720314698,0.0555737371737,0.9,0.1,16.3,0.0654188268433,0.747401430809,0.78989280351
211,Unitarian_train01,10,32.2524001598,0.106964602394,0.0485342471752,1.0,0.0,25.7,0.106612586657,0.830691289843,0.792616707737
212,Shepherd_train20,10,24.5349099636,0.096350789811,0.0566526468147,0.9,0.1,16.5,0.0689769916236,0.762257951122,0.661650298671
213,Unitarian_train10,10,36.3727340698,0.0963634433659,0.0489533639742,1.0,0.0,27.6,0.109190438335,0.84218623932,0.834024221592
214,JohnPiper_train29,10,21.3193309307,0.107984178383,0.0444755464743,0.9,0.1,17.2,0.115915626044,0.831731565599,0.757967839431
215,Shepherd_train45,10,23.5404999256,0.0981252543179,0.0539535509666,1.0,0.0,15.0,0.0523045838836,0.74993240847,0.650486298929
216,JohnPiper_train03,10,21.7604930401,0.0962189500685,0.0404933569287,1.0,0.0,18.0,0.109244278677,0.847533796518,0.643320388251
217,Shepherd_test07,10,21.2816109657,0.0991684895237,0.0510409077078,1.0,0.0,14.7,0.0799727686427,0.805679112986,0.815140525145
218,JohnPiper_test03,10,21.4038281441,0.0998548559126,0.0539366985281,1.0,0.0,21.4,0.144644591387,0.786430711303,0.688242551147
219,DorothyDay_test10,10,18.6262938976,0.0917612952591,0.0443473753381,1.0,0.0,15.0,0.136708233981,0.868926293515,0.83370915282
220,Rabbinic_test03,10,20.3167469501,0.0913657101134,0.0356400353706,1.0,0.0,24.7,0.276523310961,0.844798051502,0.817674064051
221,Unitarian_train06,10,30.7476091385,0.0996112061001,0.0528862132957,1.0,0.0,25.4,0.134378736098,0.851733818138,0.802539453158
222,WBC_train24,10,22.7367739677,0.0859225722971,0.0672504346773,0.8,0.2,22.5,0.162955287815,0.836664304197,0.849904390163
223,WBC_train12,10,25.5976250172,0.0823343553461,0.0722050003987,0.8,0.2,29.0,0.173152835397,0.860979617395,0.812352667283
224,WBC_train06,10,25.7851881981,0.0757161588213,0.0694626959703,0.5,0.5,27.1,0.170042785254,0.833619338251,0.886237280727
225,NaumanKhan_train02,10,47.5614759922,0.089830627649,0.032483801024,1.0,0.0,39.3,0.11223381079,0.834841472448,0.545941053905
226,JohnPiper_test14,10,21.7161519527,0.0947262500645,0.0500405346163,0.9,0.1,19.6,0.123772862259,0.849063134755,0.711647778822
227,JohnPiper_train27,10,20.2017889023,0.0995962156274,0.0461417314701,1.0,0.0,15.5,0.104225097733,0.883244048875,0.763781266939
228,MehrBaba_train04,10,12.4068219662,0.125681219215,0.0495842413425,0.9,0.1,17.5,0.282020398475,0.894883795754,0.682310240924
229,NaumanKhan_test00,10,44.588917017,0.0839702599657,0.0354940201632,1.0,0.0,36.2,0.170278355806,0.828124980995,0.592039839528
230,Shepherd_train13,10,22.2374670506,0.0990026009905,0.0519557304111,1.0,0.0,18.0,0.094141203277,0.803396579826,0.626048109726
231,DorothyDay_train21,10,12.9406888485,0.0959577719893,0.0293198372162,1.0,0.0,11.8,0.17534462288,0.871672282268,0.781977775375
232,WBC_train16,10,25.0799782276,0.0896447631728,0.0706288385649,0.8,0.2,29.9,0.20181382493,0.808754101253,0.738986343605
233,JohnPiper_train39,10,22.6128621101,0.102873803725,0.0482116716792,1.0,0.0,21.7,0.144894520036,0.858552967475,0.751285506467
234,PastorAnderson_test00,10,81.9975631237,0.0869660933774,0.047397219715,0.9,0.1,69.3,0.0895426805005,0.815086160022,0.883277263602
235,JohnPiper_train40,5,10.8154389858,0.107172781029,0.0496549457861,1.0,0.0,22.0,0.144210674946,0.847298000441,0.79800331579
236,WBC_train01,10,23.7043399811,0.0752540384918,0.083960545735,0.3,0.7,23.4,0.182292130582,0.874449413225,0.787247602335
237,Shepherd_test21,9,20.1910140514,0.0949601293665,0.0593501025436,1.0,0.0,17.5555555556,0.0846020591397,0.674632606138,0.699213851916
238,WBC_test08,10,22.5887210369,0.0809072645096,0.0839693426015,0.3,0.7,23.3,0.191505477123,0.855904215839,0.820206143863
239,PastorAnderson_train13,10,76.010488987,0.0843095744946,0.0524693224218,0.8,0.2,55.3,0.0799563425316,0.819838868936,0.836369977949
240,PastorAnderson_train02,10,76.8901851177,0.0854317786397,0.0595000656607,1.0,0.0,62.7,0.0999422171177,0.839949956057,0.800986646515
241,Unitarian_test07,10,35.7764549255,0.0998730589671,0.0635042139236,0.9,0.1,27.8,0.116784233637,0.892014456819,0.617797491257
242,Shepherd_train18,10,23.3231370449,0.0980264577681,0.0573761990384,0.9,0.1,16.7,0.0669178738972,0.700668119283,0.5392687277
243,Shepherd_train01,10,24.2341368198,0.0937920934939,0.0535442143821,1.0,0.0,15.5,0.0615519207326,0.736575290833,0.777707322901
244,Shepherd_train36,10,20.5218989849,0.0906409512369,0.0574681298221,0.9,0.1,14.9,0.0698427989478,0.731427540295,0.750232348885
245,DorothyDay_train35,10,9.42663812637,0.0954546770073,0.0371310308566,1.0,0.0,8.7,0.179610348046,0.886686005705,0.835368387582
246,DorothyDay_train02,10,19.6194820404,0.0917379687753,0.0394537262471,1.0,0.0,16.5,0.153934961145,0.89593859188,0.724319637466
247,Unitarian_train17,10,30.2705109119,0.10750182458,0.0464882503824,1.0,0.0,25.7,0.126433334535,0.798808535738,0.67655078214
248,MehrBaba_test05,10,18.7884149551,0.114305959636,0.040370818683,1.0,0.0,17.4,0.195065528511,0.838301131302,0.692159464274
249,DorothyDay_train12,10,10.8998868465,0.0945168620127,0.0457940500177,0.9,0.1,11.2,0.175049605604,0.896074843406,0.789068564544
250,JohnPiper_train16,10,17.8815951347,0.106898308421,0.0480926511901,1.0,0.0,15.0,0.124464954319,0.866849128776,0.696282226194
251,Rabbinic_train00,10,17.4949960709,0.101612270298,0.0410778076457,1.0,0.0,19.8,0.266970945706,0.84786259741,0.771535427697
252,DorothyDay_train51,10,15.8149561882,0.0936896719695,0.032291065907,1.0,0.0,13.6,0.165769086907,0.848066699863,0.615917049958
253,Shepherd_train48,10,24.1460900307,0.101864243962,0.0592658946443,1.0,0.0,16.4,0.082949782643,0.737933097743,0.629718777718
254,Shepherd_test11,10,22.526766777,0.101576991495,0.0511647971029,1.0,0.0,18.3,0.0693371943635,0.744880789145,0.752521571031
255,WBC_test01,10,22.5589959621,0.0756255291414,0.0785557935648,0.4,0.6,23.9,0.192856792363,0.867743723055,0.626812984703
256,Shepherd_test00,10,23.8657259941,0.0931250540278,0.0578101070025,1.0,0.0,17.7,0.0685756360168,0.741758250991,0.609119660116
257,JohnPiper_test06,10,21.7517030239,0.0952441020477,0.0489082653318,0.8,0.2,21.3,0.126103980389,0.852720577013,0.728706887077
258,PastorAnderson_train14,10,94.2302231789,0.0880543827175,0.0535362119368,0.9,0.1,70.5,0.0819084385005,0.851551812925,0.79254518692
259,DorothyDay_test22,10,20.2013339996,0.0858928732956,0.0347508042546,1.0,0.0,16.9,0.164571899801,0.876525593492,0.837160286689
260,DorothyDay_test06,10,18.7552812099,0.0840280944017,0.0415403652417,1.0,0.0,17.0,0.183389339641,0.894010995475,0.836331253339
261,PastorAnderson_train09,10,92.5625059605,0.0865415496311,0.0514173535638,1.0,0.0,54.9,0.0629743908157,0.858384833185,0.86124108348
262,DorothyDay_train45,10,12.2284560204,0.0871955493846,0.0355316903229,1.0,0.0,11.3,0.159493663946,0.865585065919,0.810463999693
263,DorothyDay_test17,10,20.9248399734,0.0925183169121,0.0395638545763,1.0,0.0,16.9,0.134248460491,0.854774549896,0.669375412525
264,Rabbinic_train07,10,19.7401499748,0.094352296319,0.0393567947521,1.0,0.0,22.6,0.244609194059,0.883280550053,0.790919443558
265,Unitarian_train03,10,27.6053159237,0.0906132697053,0.0496511263108,0.9,0.1,24.2,0.170961036799,0.795085900533,0.717250280001
266,Shepherd_train22,10,23.5391829014,0.0977810031655,0.0591245175991,1.0,0.0,16.4,0.0664976748691,0.718899097205,0.620155275899
267,Rabbinic_train09,10,17.3243718147,0.091978676366,0.0459104082695,1.0,0.0,20.8,0.245046426414,0.848066434182,0.701247174527
268,WBC_train04,10,24.8681619167,0.0756222845765,0.0700140544939,0.7,0.3,26.6,0.175186549046,0.845383806934,0.824281718866
269,Shepherd_train43,10,23.1885800362,0.0948002556741,0.0515717763908,1.0,0.0,16.2,0.0741493632848,0.739051919856,0.776551545293
270,JohnPiper_train01,10,22.1799960136,0.0902208687398,0.0505615762017,1.0,0.0,22.8,0.14185635607,0.800099491487,0.78747810219
271,Shepherd_test18,10,26.6217172146,0.0928192806432,0.0560000406422,0.8,0.2,17.6,0.0670273393524,0.720736722132,0.719838225646
272,Shepherd_test09,10,25.819480896,0.0908214413388,0.0520631314594,1.0,0.0,16.5,0.0502482013065,0.724779556868,0.801861788012
273,WBC_train19,10,32.2989878654,0.0891533317042,0.0719465590872,0.7,0.3,37.2,0.213514343445,0.832745612613,0.853118248805
274,Shepherd_train14,10,24.4345259666,0.102815143952,0.0635040611191,1.0,0.0,17.8,0.0628395703477,0.776360076257,0.711061991358
275,Unitarian_train19,3,8.41545295715,0.0643728655407,0.290498379464,0.666666666667,0.333333333333,21.6666666667,0.0712744644783,0.749058562731,0.680810390918
276,DorothyDay_train39,10,18.7750461102,0.0892488217619,0.0417347509582,1.0,0.0,18.9,0.180379157599,0.895606330371,0.74558892582
277,JohnPiper_train34,10,23.3988878727,0.0973891923246,0.0460175710824,0.9,0.1,23.1,0.13951911325,0.845970137863,0.785458706107
278,PastorAnderson_test05,10,82.4079198837,0.0819287057404,0.0505750885707,0.9,0.1,58.6,0.0711190306349,0.858914175585,0.77888808025
279,WBC_train14,10,22.1805140972,0.0840127604787,0.0710497875567,0.5,0.5,23.9,0.204083539365,0.82584249857,0.833147251408
280,DorothyDay_train48,10,18.8396818638,0.0850801163327,0.0333512748605,1.0,0.0,18.7,0.179537960866,0.889812675921,0.850384086081
281,JohnPiper_train36,10,25.0359530449,0.0967172941711,0.0534120563821,0.9,0.1,23.4,0.122885348275,0.875308797921,0.7168908379
282,JohnPiper_test12,10,21.4492959976,0.0879583156906,0.0482868188566,1.0,0.0,20.6,0.148053840497,0.861376811291,0.749227839102
283,DorothyDay_test19,10,15.0713949203,0.091134525146,0.0337286007085,1.0,0.0,14.2,0.170760397033,0.888740991238,0.725168225248
284,MehrBaba_train06,10,13.9897007942,0.110173154131,0.0469578713821,1.0,0.0,15.7,0.267118548079,0.897307098245,0.70807714665
285,PastorAnderson_train05,10,91.8362400532,0.0867036755062,0.0445380739923,1.0,0.0,60.6,0.057207196662,0.858316310845,0.739191812154
286,DorothyDay_train47,10,18.9658031464,0.0895417667651,0.0335897337019,1.0,0.0,19.8,0.179828049545,0.848259741179,0.766655561458
287,Unitarian_test02,10,26.0789079666,0.10857173466,0.0438519539924,1.0,0.0,19.4,0.116501472972,0.845645547256,0.743168838822
288,Rabbinic_train01,10,19.6827139854,0.0930890929493,0.0391542768427,0.9,0.1,22.3,0.266976533065,0.894411618013,0.675396778065
289,DorothyDay_train23,10,14.1972939968,0.0875807979077,0.0405669401416,0.9,0.1,14.4,0.202792885564,0.860611713554,0.796139963158
290,DorothyDay_train32,10,22.0254662037,0.0884159582808,0.0370755631213,1.0,0.0,20.9,0.157494990764,0.863304170732,0.895522091592
291,Rabbinic_train11,6,9.75622320175,0.0901669556882,0.0429612897306,1.0,0.0,16.5,0.240938894707,0.870854521079,0.556916149883
292,DorothyDay_train09,10,19.9422869682,0.0919147868076,0.0316931276351,1.0,0.0,17.7,0.142560221538,0.839963615787,0.737043808113
293,NaumanKhan_train03,10,25.5976419449,0.0815067813525,0.0444443881897,0.9,0.1,19.1,0.201916730736,0.800577822113,0.743957662588
294,DorothyDay_train14,10,16.9889569283,0.0860087866894,0.0384483780484,1.0,0.0,15.9,0.168346057566,0.86639239526,0.801619773819
295,DorothyDay_train43,10,13.9947390556,0.0868036907441,0.0331850153617,0.9,0.1,14.4,0.212824772793,0.8556606332,0.773068392196
296,JohnPiper_train18,10,23.0141179562,0.0972815631569,0.0582078886831,0.9,0.1,21.8,0.131961923685,0.852147385528,0.813775772517
297,JohnPiper_test09,10,21.7316579819,0.106979029833,0.0432729006593,1.0,0.0,20.0,0.127142680487,0.858525450998,0.745244190809
298,PastorAnderson_train11,10,85.2763669491,0.0842254173778,0.0470418807565,0.8,0.2,64.9,0.0672629589086,0.840865038806,0.896950041396
299,MehrBaba_train12,10,13.57690382,0.119332553938,0.0504017412801,1.0,0.0,16.4,0.269774546422,0.860169002402,0.8152454459
300,Unitarian_test05,10,37.4611210823,0.106584516779,0.0476531895478,1.0,0.0,26.9,0.101333043596,0.79352194281,0.789317684743
301,Shepherd_train07,10,23.1030061245,0.0988003615045,0.0518142276692,0.9,0.1,16.1,0.0710787578306,0.795856841475,0.661719138402
302,Shepherd_train34,10,23.5527961254,0.099059458207,0.0529007668731,0.9,0.1,15.8,0.065259978841,0.72704072882,0.651963742153
303,Shepherd_train25,10,27.023840189,0.0943812730416,0.0603680694832,0.9,0.1,18.1,0.0632697143254,0.752913730215,0.656769451838
304,DorothyDay_train00,10,24.6590089798,0.0846984410792,0.0331051914703,1.0,0.0,23.8,0.178306542316,0.888744853719,0.860128720144
305,Unitarian_train15,10,39.1101160049,0.108696213087,0.0424861943896,1.0,0.0,31.7,0.126615057347,0.847770648799,0.772719390223
306,MehrBaba_test03,10,12.930492878,0.11040812421,0.0570690554783,1.0,0.0,16.4,0.240829926158,0.847371300968,0.663158956552
307,JohnPiper_train24,10,23.0334770679,0.103907077652,0.0452739092315,1.0,0.0,20.5,0.121370081955,0.873314490928,0.788036669588
308,DorothyDay_train53,10,19.323143959,0.087958100226,0.0320259847117,1.0,0.0,18.4,0.16950888115,0.874289791356,0.912589663034
309,Shepherd_train46,10,22.2921249866,0.0977903668355,0.0518941873259,1.0,0.0,15.8,0.066980294629,0.769589177355,0.71698871359
310,JohnPiper_train06,10,22.4767529964,0.102717831825,0.0371050071336,1.0,0.0,20.9,0.117370012758,0.87346637586,0.797471869897
311,Shepherd_test17,10,21.0169219971,0.0989771974325,0.0626596509387,0.9,0.1,15.8,0.0757540904414,0.691477517197,0.740794043312
312,WBC_train22,10,21.5796201229,0.0810435681913,0.0731572216,0.5,0.5,19.8,0.146331200046,0.848166949382,0.811627188926
313,WBC_test03,10,26.6743531227,0.0876181409973,0.0739075629968,0.6,0.4,28.9,0.19544680412,0.839282571748,0.778238036276
314,Shepherd_test02,10,24.1370151043,0.105439563322,0.0564642547328,1.0,0.0,16.9,0.0733116706359,0.705943862733,0.693792709717
315,JohnPiper_test00,10,20.5866520405,0.0959877596197,0.0492500358891,1.0,0.0,19.4,0.123787926765,0.797365487604,0.712470263295
316,DorothyDay_test20,10,9.01550793648,0.0943790777031,0.0463954281283,1.0,0.0,8.5,0.157791313184,0.879959346589,0.781895495233
317,DorothyDay_test00,10,22.5890190601,0.0884308169614,0.035374373257,1.0,0.0,21.9,0.190483951791,0.903670469,0.796924961511
318,MehrBaba_train15,10,12.9171841145,0.12790164901,0.0437775980391,1.0,0.0,14.3,0.215663817631,0.897122332155,0.853694293409
319,DorothyDay_test15,10,16.8517711163,0.0915229640439,0.035419360481,1.0,0.0,17.1,0.210469237021,0.866495818706,0.804447158005
320,Rabbinic_test00,10,17.6114618778,0.0943858373006,0.0426951840497,1.0,0.0,20.8,0.252399936465,0.868130660111,0.839797515266
321,JohnPiper_train13,10,17.6589519978,0.0926422451272,0.0651560205913,0.8,0.2,16.4,0.123441575608,0.854519298541,0.818158032278
322,JohnPiper_train21,10,22.2724051476,0.0994713010317,0.0566383972374,1.0,0.0,19.8,0.128485642549,0.839745176831,0.741403998896
323,Unitarian_train05,10,31.0831520557,0.103449539659,0.0377734152482,1.0,0.0,24.5,0.123280084933,0.834154550914,0.767222266948
324,JohnPiper_train33,10,20.799336195,0.0968981930443,0.0509878745799,1.0,0.0,19.8,0.1296937661,0.813455574956,0.812602877666
325,Shepherd_train41,10,25.3832039833,0.0924257878326,0.0625656264047,0.9,0.1,18.1,0.0732886927608,0.738279769449,0.676055982437
326,WBC_train11,10,24.9105131626,0.0791314217744,0.0679013433754,0.7,0.3,26.3,0.173132615743,0.875125455994,0.844259418543
327,PastorAnderson_train08,10,80.9474561214,0.0876829414578,0.0475697057749,1.0,0.0,57.5,0.0696549495095,0.832697375624,0.791374943222
328,JohnPiper_test17,4,9.42236208916,0.0977007795995,0.0490129135893,0.75,0.25,19.5,0.115056403497,0.848253519214,0.771645349931
329,DorothyDay_test09,10,19.507363081,0.0913177623063,0.0383562181175,1.0,0.0,18.8,0.168879526248,0.890225481935,0.733401517601
330,Shepherd_train16,10,25.5884511471,0.0999025701344,0.0553092947571,0.9,0.1,18.0,0.0704218951813,0.711337200178,0.792168321038
331,WBC_train28,10,28.0130240917,0.0919156100249,0.0716255483326,0.7,0.3,34.0,0.218628537945,0.842547720772,0.793835280876
332,PastorAnderson_test03,10,88.7677950859,0.0786381835672,0.0521667203206,1.0,0.0,61.1,0.0716242105492,0.859496304812,0.803062921703
333,DorothyDay_train11,10,14.3324921131,0.0862832858437,0.0407801347786,1.0,0.0,13.7,0.177782023805,0.879747379344,0.838849723246
334,JohnPiper_train08,10,23.3937990665,0.105996814788,0.0560878399225,0.8,0.2,18.0,0.106903929676,0.835584950893,0.76041057815
335,WBC_train02,10,23.1115431786,0.0832600311375,0.071738666335,0.7,0.3,24.8,0.200704321282,0.871778177459,0.871624402164
336,JohnPiper_test10,10,21.4394938946,0.0937481129171,0.0518971720344,1.0,0.0,15.0,0.0935291905093,0.791854505925,0.834355043108
337,WBC_train20,10,21.8842389584,0.0801652579596,0.067254336998,0.7,0.3,26.2,0.221357949633,0.81760872743,0.791255861609
338,MehrBaba_train00,10,17.4170022011,0.112849256863,0.048843454563,1.0,0.0,20.2,0.275886746714,0.870824938868,0.713244335201
339,PastorAnderson_train07,10,75.9773740768,0.0832200242663,0.0529477077458,0.9,0.1,55.0,0.0732067920969,0.852116142864,0.781958425958
340,Unitarian_test00,10,22.0340788364,0.0979267698313,0.053181839621,0.9,0.1,17.2,0.1139047229,0.833363504972,0.750469998531
341,JohnPiper_train11,10,20.8785488605,0.0946067254728,0.0481559626065,1.0,0.0,20.7,0.139706179427,0.856812570617,0.810789477802
342,Shepherd_train02,10,22.2828788757,0.100102298394,0.0565728009921,1.0,0.0,16.3,0.0866879861978,0.742834420386,0.733802427172
343,DorothyDay_train25,10,12.6293461323,0.0963727957506,0.0389932238823,1.0,0.0,11.0,0.149657268369,0.837776181573,0.702206455289
344,Shepherd_train39,10,22.4937751293,0.0945433451468,0.0553525273595,1.0,0.0,16.1,0.0586827102813,0.719861251422,0.628842870316
345,DorothyDay_train30,10,16.3512980938,0.0814560534164,0.0330947840729,1.0,0.0,13.1,0.14143741502,0.871080243487,0.882252880361
346,Unitarian_train09,10,33.1459960938,0.102443964205,0.0460702914631,0.9,0.1,23.6,0.105150237144,0.824114438221,0.715222595693
347,Shepherd_train28,10,23.8565089703,0.093843427222,0.060492226074,0.9,0.1,14.4,0.0513674483234,0.746498193115,0.734311893065
348,DorothyDay_train07,10,13.8776237965,0.0938633634582,0.0429398917555,1.0,0.0,12.7,0.163043673822,0.881563552609,0.711536790457
349,MehrBaba_test06,10,12.7224171162,0.111777104461,0.0538781560548,1.0,0.0,14.9,0.2022482366,0.880689681724,0.802045626114
350,DorothyDay_train16,10,15.8579289913,0.0871412871842,0.0398720813975,0.9,0.1,15.5,0.174903847499,0.867217728147,0.761186270622
351,NaumanKhan_train04,10,30.8327538967,0.086452342481,0.0347775746265,1.0,0.0,30.1,0.174374851622,0.769389525148,0.538501997537
352,Rabbinic_train03,10,18.6487641335,0.094785097472,0.0400011353916,1.0,0.0,20.9,0.245362464852,0.87377555437,0.780474633557
353,DorothyDay_train54,1,0.749945163727,0.114139693356,0.0187393526405,1.0,0.0,4.0,0.111111111111,,0.530726851808
354,Shepherd_test12,10,24.3071429729,0.0972342586813,0.0655346159454,1.0,0.0,15.8,0.058512757061,0.726852638338,0.744286319319
355,WBC_test04,10,26.9435048103,0.084734775788,0.0793002189265,0.5,0.5,30.9,0.188479927439,0.868240793187,0.790489690167
356,MehrBaba_train09,10,19.3817999363,0.0999323546905,0.045034067801,1.0,0.0,27.1,0.283910976774,0.854857731218,0.813552193605
357,DorothyDay_test05,10,21.8886420727,0.087272633271,0.0387770577478,1.0,0.0,21.2,0.185390554497,0.872600639373,0.822208704668
358,MehrBaba_train10,10,17.4253489971,0.122342060866,0.0488056430651,1.0,0.0,20.2,0.224357542935,0.833502526615,0.806454985443
